0 7.525
0.00798188571017626 7.5047312716614
0.0159637714203525 7.4643031289704
0.0239456571305288 7.40393352026215
0.031927542840705 7.32394785327315
0.0399094285508813 7.22477724112763
0.0478913142610576 7.10695617871211
0.0558731999712338 6.97111966196203
0.0638550856814101 6.81799976558616
0.0718369713915863 6.64842169767275
0.0798188571017626 6.46329935244017
0.0878007428119389 6.26363038509917
0.0957826285221151 6.05049083536898
0.103764514232291 5.82502932862127
0.111746399942468 5.58846088590226
0.119728285652644 5.34206037619059
0.12771017136282 5.08715564617627
0.135692057072996 4.82512036458374
0.143673942783173 4.5573666196001
0.151655828493349 4.2853373092999
0.159637714203525 4.01049836607304
0.167619599913702 3.73433085695703
0.175601485623878 3.45832300244294
0.183583371334054 3.18396215676393
0.19156525704423 2.91272679288249
0.199547142754407 2.64607853536693
0.207529028464583 2.38545428408969
0.215510914174759 2.1322584711902
0.223492799884935 1.88785549302691
0.231474685595112 1.65356235790004
0.239456571305288 1.43064158916349
0.247438457015464 1.22029442196825
0.255420342725641 1.02365433029712
0.263402228435817 0.84178091917054
0.271384114145993 0.675654214935467
0.279365999856169 0.526169384403992
0.287347885566346 0.394131911297272
0.295329771276522 0.280253255986058
0.303311656986698 0.185147021914595
0.311293542696874 0.109325649364302
0.319275428407051 0.0531976543718428
0.327257314117227 0.0170654276784974
0.335239199827403 0.00112360556985363
0.34322108553758 0.00545802138304538
0.351202971247756 0.0300452433297086
0.359184856957932 0.0747527011233234
0.367166742668108 0.139339400726716
0.375148628378285 0.2234572233663
0.383130514088461 0.3266528018112
0.391112399798637 0.448369963804736
0.399094285508813 0.587952729479547
0.40707617121899 0.744648846602432
0.415058056929166 0.917613844596834
0.423039942639342 1.1059155854954
0.431021828349519 1.30853928729734
0.439003714059695 1.52439299265967
0.446985599769871 1.75231345345183
0.454967485480047 1.9910723994622
0.462949371190224 2.239383157475
0.4709312569004 2.49590758504843
0.478913142610576 2.75926328162861
0.486895028320752 3.0280310381401
0.494876914030929 3.30076248490843
0.502858799741105 3.57598789670149
0.510840685451281 3.85222411283016
0.518822571161457 4.12798252962866
0.526804456871634 4.401777122245
0.53478634258181 4.67213245251428
0.542768228291986 4.93759161976256
0.550750114002162 5.19672411169679
0.558731999712338 5.44813351307463
0.566713885422515 5.69046503061455
0.574695771132691 5.92241279359709
0.582677656842867 6.14272689081664
0.590659542553043 6.35022010596424
0.59864142826322 6.54377431514691
0.606623313973396 6.72234651206983
0.614605199683572 6.88497442841384
0.622587085393748 7.03078171912292
0.630568971103924 7.15898268466005
0.638550856814101 7.26888650478573
0.646532742524277 7.35990096104536
0.654514628234453 7.43153562790727
0.662496513944629 7.48340451535592
0.670478399654805 7.51522814870169
0.678460285364982 7.52683507440042
0.686442171075158 7.51816278376953
0.694424056785334 7.48925804962421
0.70240594249551 7.44027667402075
0.710387828205687 7.37148264846753
0.718369713915863 7.28324673112988
0.726351599626039 7.17604444869739
0.734333485336215 7.05045353368172
0.742315371046391 6.90715081095574
0.750297256756568 6.74690855031277
0.758279142466744 6.57059030470147
0.76626102817692 6.3791462565644
0.774242913887096 6.17360809735803
0.782224799597273 5.95508346784798
0.790206685307449 5.72474998913999
0.798188571017625 5.4838489166124
0.806170456727801 5.23367845094798
0.814152342437977 4.9755867423107
0.822134228148154 4.71096462536654
0.83011611385833 4.44123812429772
0.838097999568506 4.16786076819925
0.846079885278682 3.8923057582682
0.854061770988858 3.616058028995
0.862043656699035 3.34060624613688
0.870025542409211 3.06743478459447
0.878007428119387 2.79801572942052
0.885989313829563 2.53380094306534
0.89397119953974 2.2762142416062
0.901953085249916 2.02664372212097
0.909934970960092 1.78643428255139
0.917916856670268 1.55688037436438
0.925898742380444 1.33921902706508
0.933880628090621 1.13462318215034
0.941862513800797 0.944195372423932
0.949844399510973 0.768961780733709
0.957826285221149 0.609866710146086
0.965808170931326 0.467767495356385
0.973790056641502 0.343429882755597
0.981771942351678 0.237523904048809
0.989753828061854 0.150620265660835
0.99773571377203 0.0831872733851771
1.00571759948221 0.0355883088481536
1.01369948519238 0.00807987138644333
1.02168137090256 0.00081019588944305
1.02966325661274 0.0138184540541226
1.03764514232291 0.0470345433562164
1.04562702803309 0.10027946487456
1.05360891374326 0.173266287932218
1.06159079945344 0.265601696355876
1.06957268516362 0.376788108020796
1.07755457087379 0.506226356259364
1.08553645658397 0.653218918683578
1.09351834229415 0.81697367602193
1.10150022800432 0.996608180715102
1.1094821137145 1.19115441226792
1.11746399942468 1.39956399373209
1.12544588513485 1.62071384120924
1.13342777084503 1.85341221593054
1.1414096565552 2.09640514629973
1.14939154226538 2.34838318529264
1.15737342797556 2.60798846679951
1.16535531368573 2.87382202288506
1.17333719939591 3.14445132253569
1.18131908510609 3.4184179912693
1.18930097081626 3.69424567000891
1.19728285652644 3.97044797087061
1.20526474223661 4.24553648699417
1.21324662794679 4.51802881325355
1.22122851365697 4.78645653462574
1.22921039936714 5.04937313917078
1.23719228507732 5.3053618129819
1.2451741707875 5.55304307510106
1.25315605649767 5.79108221125706
1.26113794220785 6.01819646636795
1.26911982791803 6.23316195704914
1.2771017136282 6.43482026687743
1.28508359933838 6.62208468887089
1.29306548504855 6.79394608154521
1.30104737075873 6.94947830698996
1.30902925646891 7.08784322165989
1.31701114217908 7.20829519298765
1.32499302788926 7.31018511747812
1.33297491359944 7.39296391863257
1.34095679930961 7.45618550585232
1.34893868501979 7.49950917837737
1.35692057072997 7.52270146130536
1.36490245644014 7.52563736379674
1.37288434215032 7.50830105268576
1.38086622786049 7.47078593786704
1.38884811357067 7.41329416899723
1.39682999928085 7.33613554622347
1.40481188499102 7.23972585080827
1.4127937707012 7.12458460464597
1.42077565641138 6.99133227074396
1.42875754212155 6.84068690975406
1.43673942783173 6.67346031057067
1.4447213135419 6.49055361584653
1.45270319925208 6.29295246599857
1.46068508496226 6.08172168787123
1.46866697067243 5.85799955667801
1.47664885638261 5.62299166214207
1.48463074209279 5.37796441188894
1.49261262780296 5.12423820709988
1.50059451351314 4.86318032719971
1.50857639922332 4.59619756192185
1.51655828493349 4.3247286304538
1.52454017064367 4.05023642851425
1.53252205635384 3.77420014514008
1.54050394206402 3.49810729166364
1.5484858277742 3.2234456858339
1.55646771348437 2.95169543427713
1.56444959919455 2.68432095650115
1.57243148490473 2.42276309342406
1.5804133706149 2.16843134295256
1.58839525632508 1.92269626445036
1.59637714203526 1.68688209302732
1.60435902774543 1.46225960344929
1.61234091345561 1.25003926212344
1.62032279916578 1.05136470406172
1.62830468487596 0.867306569973828
1.63628657058614 0.69885673670049
1.64426845629631 0.546922972078381
1.65225034200649 0.412324043040835
1.66023222771667 0.295785303316229
1.66821411342684 0.197934784501541
1.67619599913702 0.119299811576082
1.68417788484719 0.060304161094379
1.69215977055737 0.0212657773728642
1.70014165626755 0.00239505897820239
1.70812354197772 0.00379372475190388
1.7161054276879 0.0254542654829398
1.72408731339808 0.0672599841841975
1.73206919910825 0.128985624756803
1.74005108481843 0.210298585655686
1.74803297052861 0.310760712017348
1.75601485623878 0.429830656593625
1.76399674194896 0.566866796770075
1.77197862765913 0.72113069195103
1.77996051336931 0.891791062681427
1.78794239907949 1.077928270064
1.79592428478966 1.27853927133447
1.80390617049984 1.49254302489134
1.81188805621002 1.71878631565505
1.81986994192019 1.95604996936584
1.82785182763037 2.20305542233415
1.83583371334054 2.45847161124144
1.84381559905072 2.7209221458649
1.8517974847609 2.98899272607468
1.85977937047107 3.26123876313591
1.86776125618125 3.53619316424674
1.87574314189143 3.81237423836399
1.8837250276016 4.08829368071404
1.89170691331178 4.36246459296294
1.89968879902196 4.63340949582691
1.90767068473213 4.89966829094563
1.91565257044231 5.15980612911328
1.92363445615248 5.41242114246775
1.93161634186266 5.65615199897031
1.93959822757284 5.88968523846667
1.94758011328301 6.11176235079624
1.95556199899319 6.3211865578072
1.96354388470337 6.51682926272969
1.97152577041354 6.69763613215248
1.97950765612372 6.86263277782774
1.9874895418339 7.01093000768502
1.99547142754407 7.14172861775702
2.00345331325425 7.25432369919318
2.01143519896442 7.34810843715045
2.0194170846746 7.42257738108849
2.02739897038478 7.47732916884496
2.03538085609495 7.51206868980999
2.04336274180513 7.52660867554124
2.05134462751531 7.52087070924674
2.05932651322548 7.49488564869338
2.06730839893566 7.44879346026076
2.07529028464583 7.38284246503273
2.08327217035601 7.29738800098714
2.09125405606619 7.19289050849138
2.09923594177636 7.06991304941859
2.10721782748654 6.92911827325137
2.11519971319672 6.77126484652034
2.12318159890689 6.59720336481647
2.13116348461707 6.40787176940471
2.13914537032725 6.20429029313579
2.14712725603742 5.98755596289006
2.1551091417476 5.75883668817647
2.16309102745777 5.51936496774062
2.17107291316795 5.27043124809377
2.17905479887813 5.01337696975099
2.1870366845883 4.74958733864929
2.19501857029848 4.48048386169773
2.20300045600866 4.20751668668269
2.21098234171883 3.93215678780605
2.21896422742901 3.65588803896549
2.22694611313919 3.380199217492
2.23492799884936 3.10657598143374
2.24290988455954 2.83649286361892
2.25089177026971 2.57140532563933
2.25887365597989 2.31274191457408
2.26685554169007 2.06189656471923
2.27483742740024 1.82022108580787
2.28281931311042 1.58901787820048
2.2908011988206 1.36953291430236
2.29878308453077 1.16294902403062
2.30676497024095 0.970379520514766
2.31474685595112 0.792862200381685
2.3227287416613 0.631353750957549
2.33071062737148 0.486724594526365
2.33869251308165 0.359754197429962
2.34667439879183 0.251126869289367
2.35465628450201 0.161428074986534
2.36263817021218 0.0911412792823363
2.37062005592236 0.0406453410766101
2.37860194163254 0.0102124713542331
2.38658382734271 6.76582374816399e-06
2.39456571305289 0.010083320158227
2.40254759876306 0.0403879101164306
2.41052948447324 0.0907571713374986
2.41851137018342 0.160919592969665
2.42649325589359 0.250497003797414
2.43447514160377 0.359006610575396
2.44245702731395 0.485863600135381
2.45043891302412 0.630384291241775
2.4584207987343 0.791789819208938
2.46640268444447 0.969210333422639
2.47438457015465 1.16168968514426
2.48236645586483 1.36819058033442
2.490348341575 1.58760016972698
2.49833022728518 1.81873604602833
2.50631211299536 2.06035261592295
2.51429399870553 2.31114781254693
2.52227588441571 2.56977011225627
2.53025777012589 2.83482581787759
2.53823965583606 3.1048865691924
2.54622154154624 3.37849704018263
2.55420342725641 3.65418278155789
2.56218531296659 3.93045816630315
2.57016719867677 4.20583439542976
2.57814908438694 4.47882752078906
2.58613097009712 4.7479664417157
2.5941128558073 5.01180083240909
2.60209474151747 5.26890895733486
2.61007662722765 5.51790533253169
2.61805851293783 5.75744819153945
2.626040398648 5.9862467157175
2.63402228435818 6.20306798999192
2.64200417006835 6.40674364655007
2.64998605577853 6.59617616068251
2.65796794148871 6.770344764847
2.66594982719888 6.92831094908679
2.67393171290906 7.06922351816421
2.68191359861924 7.19232317815978
2.68989548432941 7.29694662782255
2.69787737003959 7.38253013262608
2.70585925574976 7.44861256227223
2.71384114145994 7.49483787527658
2.72182302717012 7.5209570372481
2.72980491288029 7.52682936252823
2.73778679859047 7.51242327196139
2.74576868430065 7.4778164627154
2.75375057001082 7.42319548923866
2.761732455721 7.34885475761389
2.76971434143118 7.25519493872968
2.77769622714135 7.14272080882239
2.78567811285153 7.01203852902713
2.7936599985617 6.86385237859911
2.80164188427188 6.69896095941086
2.80962376998206 6.5182528921799
2.81760565569223 6.32270202762002
2.82558754140241 6.11336219832366
2.83356942711259 5.89136153965716
2.84155131282276 5.65789641027334
2.84953319853294 5.41422494500337
2.85751508424311 5.16166027487039
2.86549696995329 4.90156345076161
2.87347885566347 4.63533610889184
2.88146074137364 4.36441291758317
2.88944262708382 4.09025384606345
2.897424512794 3.81433629694556
2.90540639850417 3.53814714478351
2.91338828421435 3.26317472360795
2.92137016992453 2.99090080661794
2.9293520556347 2.72279262124834
2.93733394134488 2.46029494264145
2.94531582705505 2.20482230812862
2.95329771276523 1.95775139467575
2.96127959847541 1.72041360036798
2.96926148418558 1.49408786990957
2.97724336989576 1.27999380279971
2.98522525560594 1.07928508132172
2.99320714131611 0.893043253759827
3.00118902702629 0.722271906342986
3.00917091273647 0.567891255320931
3.01715279844664 0.430733188313111
3.02513468415682 0.31153678165046
3.03311656986699 0.210944317864707
3.04109845557717 0.12949782478483
3.04908034128735 0.0676361548893826
3.05706222699752 0.0256926206521267
3.0650441127077 0.00389319862228383
3.07302599841788 0.00235531191594424
3.08100788412805 0.0210871976782801
3.08898976983823 0.0599878629239558
3.0969716555484 0.118847628992529
3.10495354125858 0.197349261683763
3.11293542696876 0.295069680981735
3.12091731267893 0.411482241153373
3.12889919838911 0.545959568933546
3.13688108409929 0.697776944501435
3.14486296980946 0.866116207028039
3.15284485551964 1.05007016374794
3.16082674122982 1.24864747879511
3.16880862693999 1.46077801545737
3.17679051265017 1.68531860306064
3.18477239836034 1.92105919740621
3.19275428407052 2.16672940156334
3.2007361697807 2.42100531187786
3.20871805549087 2.68251665230489
3.21669994120105 2.94985415862027
3.22468182691123 3.2215771727188
3.2326637126214 3.49622140607516
3.24064559833158 3.77230683053231
3.24862748404176 4.04834565389559
3.25660936975193 4.32285033735417
3.26459125546211 4.59434161152601
3.27257314117228 4.86135644793002
3.28055502688246 5.12245594292925
3.28853691259264 5.37623307166087
3.29651879830281 5.62132027016913
3.30450068401299 5.85639680488345
3.31248256972317 6.08019588972967
3.32046445543334 6.2915115125227
3.32844634114352 6.48920493385495
3.33642822685369 6.67221082346054
3.34441011256387 6.83954300098794
3.35239199827405 6.9902997502465
3.36037388398422 7.12366867828958
3.3683557696944 7.23893109315114
3.37633765540458 7.33546587664508
3.38431954111475 7.41275283135883
3.39230142682493 7.47037548380523
3.40028331253511 7.50802332862803
3.40826519824528 7.52549350176774
3.41624708395546 7.52269187357221
3.42422896966563 7.49963355596191
3.43221085537581 7.4564428209173
3.44019274108599 7.3933524307279
3.44817462679616 7.31070238361271
3.45615651250634 7.20893808147185
3.46413839821652 7.08860792964312
3.47212028392669 6.95036038159824
3.48010216963687 6.79494044450456
3.48808405534704 6.62318566448275
3.49606594105722 6.43602161319549
3.5040478267674 6.23445690008885
3.51202971247757 6.01957773716417
3.52001159818775 5.79254208556985
3.52799348389793 5.55457341555558
3.5359753696081 5.30695411341504
3.54395725531828 5.0510185709456
3.55193914102846 4.78814599466407
3.55992102673863 4.5197529735279
3.56790291244881 4.24728584521245
3.57588479815898 3.9722129020805
3.58386668386916 3.69601647884404
3.59184856957934 3.42018496455584
3.59983045528951 3.14620478197612
3.60781234099969 2.87555237753543
3.61579422670987 2.60968626505768
3.62377611242004 2.35003916611763
3.63175799813022 2.0980102893865
3.6397398838404 1.85495779057005
3.64772176955057 1.62219145357088
3.65570365526075 1.40096563231399
3.66368554097092 1.19247249127046
3.6716674266811 0.997835581104316
3.67964931239128 0.818103784061764
3.68763119810145 0.65424566172959
3.69561308381163 0.50714423562135
3.70359496952181 0.377592228717446
3.71157685523198 0.266287793601372
3.71955874094216 0.173830750212236
3.72754062665233 0.100719353487521
3.73552251236251 0.0473476083146245
3.74350439807269 0.0140031462604286
3.75148628378286 0.000865675520921222
3.75946816949304 0.00800601244394923
3.76745005520322 0.0353856998442863
3.77543194091339 0.0828572141681319
3.78341382662357 0.150164760391028
3.79139571233375 0.236945650366049
3.79937759804392 0.342732257195086
3.8073594837541 0.466954535092002
3.81534136946427 0.608943091159174
3.82332325517445 0.76793279252482
3.83130514088463 0.943066889403595
3.8392870265948 1.13340163186276
3.84726891230498 1.33791135541577
3.85525079801516 1.55549400803881
3.86323268372533 1.78497708882686
3.87121456943551 2.025123966288
3.87919645514569 2.2746405422285
3.88717834085586 2.5321822253192
3.89516022656604 2.79636117676469
3.90314211227621 3.06575378903062
3.91112399798639 3.33890835732842
3.91910588369657 3.61435290251807
3.92708776940674 3.8906031032734
3.93506965511692 4.16617029476588
3.9430515408271 4.43956949076398
3.95103342653727 4.70932738591919
3.95901531224745 4.97399029511653
3.96699719795762 5.23213198710628
3.9749790836678 5.48236137020348
3.98296096937798 5.72332998863881
3.99094285508815 5.95373928916456
3.99892474079833 6.17234761875786
4.00690662650851 6.37797691571162
4.01488851221868 6.56951905805661
4.02287039792886 6.74594183510385
4.03085228363904 6.90629450992794
4.03883416934921 7.04971294281587
4.04681605505939 7.17542424807157
4.05479794076956 7.28275095908152
4.06277982647974 7.37111467919585
4.07076171218992 7.44003919875065
4.07874359790009 7.48915306143378
4.08672548361027 7.51819156616376
4.09470736932045 7.52699819369322
4.10268925503062 7.51552545024831
4.1106711407408 7.48383512365686
4.11865302645097 7.43209795058426
4.12663491216115 7.36059269666867
4.13461679787133 7.26970465451224
4.1425986835815 7.15992356762018
4.15058056929168 7.03184099147485
4.15856245500186 6.88614710596361
4.16654434071203 6.72362699633694
4.17452622642221 6.5451564227361
4.18250811213239 6.35169710108681
4.19048999784256 6.14429152078763
4.19847188355274 5.92405732711832
4.20645376926291 5.69218129863903
4.21443565497309 5.44991295203369
4.22241754068327 5.19855780885857
4.23039942639344 4.93947036047912
4.23838131210362 4.67404676910443
4.2463631978138 4.40371734425111
4.25434508352397 4.12993883517824
4.26232696923415 3.85418658082725
4.27030885494433 3.57794655956823
4.2782907406545 3.30270738159421
4.28627262636468 3.02995226711435
4.29425451207485 2.76115105357332
4.30223639778503 2.49775227496796
4.31021828349521 2.24117535594394
4.31820016920538 1.99280296273668
4.32618205491556 1.75397355217571
4.33416394062574 1.52597415890438
4.34214582633591 1.31003345968354
4.35012771204609 1.10731515215431
4.35810959775626 0.918911683741044
4.36609148346644 0.745838364488767
4.37407336917662 0.589027895560369
4.38205525488679 0.449325342879306
4.39003714059697 0.3274835830047
4.39801902630715 0.224159245781182
4.40600091201732 0.139909175628828
4.4139827977275 0.0751874305438913
4.42196468343768 0.0303428349834303
4.42994656914785 0.0056170998223241
4.43792845485803 0.00114351951537305
4.4459103405682 0.0169462534868409
4.45389222627838 0.0529401956215739
4.46187411198856 0.108931432562734
4.46985599769873 0.184618288348277
4.47783788340891 0.279592949758685
4.48581976911909 0.393343663619167
4.49380165482926 0.525257494217393
4.50178354053944 0.674623625979531
4.50976542624961 0.840637193609011
4.51774731195979 1.0224036190501
4.52572919766997 1.21894343190712
4.53371108338014 1.42919754734485
4.54169296909032 1.6520329730305
4.5496748548005 1.88624891436523
4.55765674051067 2.13058324510717
4.56563862622085 2.38371930851861
4.57362051193103 2.64429301238885
4.5816023976412 2.91090017970041
4.58958428335138 3.18210411532871
4.59756616906155 3.45644334800087
4.60554805477173 3.73243950579496
4.61352994048191 4.00860528274097
4.62151182619208 4.28345245359389
4.62949371190226 4.55549989358969
4.63747559761244 4.82328155996744
4.64545748332261 5.08535439224748
4.65343936903279 5.34030608869241
4.66142125474297 5.58676271704524
4.66940314045314 5.82339611853181
4.67738502616332 6.04893106522817
4.68536691187349 6.26215213222315
4.69334879758367 6.46191024754223
4.70133068329385 6.64712888453601
4.70931256900402 6.81680986336235
4.7172944547142 6.97003873029825
4.72527634042438 7.10598968589169
4.73325822613455 7.2239300353954
4.74124011184473 7.32322413749825
4.7492219975549 7.40333683007342
4.75720388326508 7.4638363144809
4.76518576897526 7.50439648287923
4.77316765468543 7.52479867600285
4.78114954039561 7.52493286193055
4.78913142610579 7.50473127166124
4.79711331181596 7.46430312897015
4.80509519752614 7.4039335202618
4.81307708323632 7.32394785327271
4.82105896894649 7.2247772411271
4.82904085465667 7.10695617871149
4.83702274036684 6.97111966196132
4.84500462607702 6.81799976558537
4.8529865117872 6.64842169767189
4.86096839749737 6.46329935243923
4.86895028320755 6.26363038509816
4.87693216891773 6.05049083536791
4.8849140546279 5.82502932862015
4.89289594033808 5.58846088590109
4.90087782604826 5.34206037618937
4.90885971175843 5.08715564617502
4.91684159746861 4.82512036458245
4.92482348317878 4.55736661959879
4.93280536888896 4.28533730929857
4.94078725459914 4.01049836607171
4.94876914030931 3.7343308569557
4.95675102601949 3.45832300244161
4.96473291172967 3.18396215676262
4.97271479743984 2.91272679288119
4.98069668315002 2.64607853536566
4.98867856886019 2.38545428408846
4.99666045457037 2.132258471189
5.00464234028055 1.88785549302576
5.01262422599072 1.65356235789894
5.0206061117009 1.43064158916244
5.02858799741108 1.22029442196727
5.03656988312125 1.02365433029621
5.04455176883143 0.841780919169703
5.05253365454161 0.675654214934709
5.06051554025178 0.526169384403316
5.06849742596196 0.394131911296682
5.07647931167213 0.280253255985556
5.08446119738231 0.185147021914185
5.09244308309249 0.109325649363985
5.10042496880266 0.0531976543716209
5.10840685451284 0.017065427678372
5.11638874022302 0.00112360556982529
5.12437062593319 0.00545802138311419
5.13235251164337 0.0300452433298741
5.14033439735354 0.0747527011235845
5.14831628306372 0.139339400727072
5.1562981687739 0.223457223366747
5.16428005448407 0.326652801811737
5.17226194019425 0.448369963805359
5.18024382590443 0.587952729480253
5.1882257116146 0.744648846603219
5.19620759732478 0.917613844597694
5.20418948303496 1.10591558549633
5.21217136874513 1.30853928729833
5.22015325445531 1.52439299266073
5.22813514016548 1.75231345345295
5.23611702587566 1.99107239946335
5.24409891158584 2.2393831574762
5.25208079729601 2.49590758504966
5.26006268300619 2.75926328162987
5.26804456871637 3.02803103814138
5.27602645442654 3.30076248490973
5.28400834013672 3.57598789670279
5.2919902258469 3.85222411283147
5.29997211155707 4.12798252962996
5.30795399726725 4.40177712224629
5.31593588297742 4.67213245251555
5.3239177686876 4.9375916197638
5.33189965439778 5.196724111698
5.33988154010795 5.4481335130758
5.34786342581813 5.69046503061567
5.35584531152831 5.92241279359816
5.36382719723848 6.14272689081764
5.37180908294866 6.35022010596517
5.37979096865883 6.54377431514779
5.38777285436901 6.72234651207062
5.39575474007919 6.88497442841456
5.40373662578936 7.03078171912356
5.41171851149954 7.15898268466061
5.41970039720972 7.26888650478619
5.42768228291989 7.35990096104575
5.43566416863007 7.43153562790754
5.44364605434025 7.48340451535609
5.45162794005042 7.51522814870177
5.4596098257606 7.52683507440041
5.46759171147077 7.51816278376942
5.47557359718095 7.48925804962399
5.48355548289113 7.44027667402045
5.4915373686013 7.37148264846712
5.49951925431148 7.28324673112938
5.50750114002166 7.17604444869681
5.51548302573183 7.05045353368104
5.52346491144201 6.907150810955
5.53144679715219 6.74690855031194
5.53942868286236 6.57059030470056
5.54741056857254 6.37914625656343
5.55539245428271 6.173608097357
5.56337433999289 5.95508346784688
5.57135622570307 5.72474998913884
5.57933811141324 5.4838489166112
5.58731999712342 5.23367845094675
5.5953018828336 4.97558674230943
5.60328376854377 4.71096462536524
5.61126565425395 4.4412381242964
5.61924753996412 4.16786076819791
5.6272294256743 3.89230575826686
5.63521131138448 3.61605802899366
5.64319319709465 3.34060624613556
5.65117508280483 3.06743478459316
5.65915696851501 2.79801572941923
5.66713885422518 2.53380094306408
5.67512073993536 2.27621424160498
5.68310262564554 2.02664372211979
5.69108451135571 1.78643428255025
5.69906639706589 1.5568803743633
5.70704828277606 1.33921902706406
5.71503016848624 1.13462318214939
5.72301205419642 0.944195372423054
5.73099393990659 0.768961780732905
5.73897582561677 0.609866710145362
5.74695771132695 0.467767495355744
5.75493959703712 0.343429882755043
5.7629214827473 0.237523904048346
5.77090336845747 0.150620265660464
5.77888525416765 0.0831872733848999
5.78686713987783 0.0355883088479722
5.794849025588 0.00807987138635867
5.80283091129818 0.000810195889455532
5.81081279700836 0.013818454054232
5.81879468271853 0.0470345433564221
5.82677656842871 0.10027946487486
5.83475845413889 0.173266287932612
5.84274033984906 0.265601696356361
5.85072222555924 0.376788108021369
5.85870411126941 0.506226356260022
5.86668599697959 0.653218918684317
5.87466788268977 0.816973676022746
5.88264976839994 0.996608180715991
5.89063165411012 1.19115441226888
5.8986135398203 1.39956399373311
5.90659542553047 1.62071384121031
5.91457731124065 1.85341221593167
5.92255919695083 2.0964051463009
5.930541082661 2.34838318529385
5.93852296837118 2.60798846680076
5.94650485408135 2.87382202288633
5.95448673979153 3.14445132253698
5.96246862550171 3.4184179912706
5.97045051121188 3.69424567001022
5.97843239692206 3.97044797087191
5.98641428263224 4.24553648699546
5.99439616834241 4.51802881325483
6.00237805405259 4.786456534627
6.01035993976276 5.049373139172
6.01834182547294 5.30536181298308
6.02632371118312 5.5530430751022
6.03430559689329 5.79108221125815
6.04228748260347 6.01819646636898
6.05026936831365 6.23316195705011
6.05825125402382 6.43482026687833
6.066233139734 6.62208468887173
6.07421502544418 6.79394608154598
6.08219691115435 6.94947830699062
6.09017879686453 7.08784322166049
6.0981606825747 7.20829519298815
6.10614256828488 7.31018511747854
6.11412445399506 7.39296391863289
6.12210633970523 7.45618550585254
6.13008822541541 7.4995091783775
6.13807011112559 7.5227014613054
6.14605199683576 7.52563736379668
6.15403388254594 7.50830105268561
6.16201576825611 7.47078593786679
6.16999765396629 7.41329416899687
6.17797953967647 7.33613554622303
6.18596142538664 7.23972585080774
6.19394331109682 7.12458460464535
6.201925196807 6.99133227074325
6.20990708251717 6.84068690975328
6.21788896822735 6.67346031056981
6.22587085393753 6.49055361584559
6.2338527396477 6.29295246599758
6.24183462535788 6.08172168787018
6.24981651106805 5.8579995566769
6.25779839677823 5.6229916621409
6.26578028248841 5.37796441188774
6.27376216819858 5.12423820709863
6.28174405390876 4.86318032719843
6.28972593961894 4.59619756192055
6.29770782532911 4.32472863045248
6.30568971103929 4.05023642851292
6.31367159674947 3.77420014513875
6.32165348245964 3.49810729166231
6.32963536816982 3.22344568583259
6.33761725387999 2.95169543427584
6.34559913959017 2.68432095649988
6.35358102530035 2.42276309342283
6.36156291101052 2.16843134295136
6.3695447967207 1.92269626444921
6.37752668243088 1.68688209302622
6.38550856814105 1.46225960344824
6.39349045385123 1.25003926212246
6.4014723395614 1.05136470406081
6.40945422527158 0.867306569972989
6.41743611098176 0.698856736699727
6.42541799669193 0.546922972077699
6.43339988240211 0.412324043040238
6.44138176811229 0.295785303315719
6.44936365382246 0.197934784501121
6.45734553953264 0.119299811575754
6.46532742524282 0.0603041610941455
6.47330931095299 0.0212657773727261
6.48129119666317 0.00239505897816046
6.48927308237334 0.00379372475195823
6.49725496808352 0.02545426548309
6.5052368537937 0.0672599841844426
6.51321873950387 0.128985624757142
6.52120062521405 0.210298585656116
6.52918251092423 0.310760712017867
6.5371643966344 0.429830656594229
6.54514628234458 0.566866796770762
6.55312816805476 0.721130691951796
6.56111005376493 0.891791062682269
6.56909193947511 1.07792827006491
6.57707382518528 1.27853927133544
6.58505571089546 1.49254302489238
6.59303759660564 1.71878631565614
6.60101948231581 1.95604996936698
6.60900136802599 2.20305542233533
6.61698325373617 2.45847161124266
6.62496513944634 2.72092214586615
6.63294702515652 2.98899272607595
6.64092891086669 3.26123876313719
6.64891079657687 3.53619316424803
6.65689268228705 3.81237423836528
6.66487456799722 4.08829368071533
6.6728564537074 4.36246459296421
6.68083833941758 4.63340949582817
6.68882022512775 4.89966829094685
6.69680211083793 5.15980612911447
6.70478399654811 5.41242114246889
6.71276588225828 5.65615199897141
6.72074776796846 5.88968523846771
6.72872965367863 6.11176235079723
6.73671153938881 6.32118655780812
6.74469342509899 6.51682926273056
6.75267531080916 6.69763613215327
6.76065719651934 6.86263277782844
6.76863908222952 7.01093000768563
6.77662096793969 7.14172861775755
6.78460285364987 7.25432369919363
6.79258473936004 7.3481084371508
6.80056662507022 7.42257738108875
6.8085485107804 7.47732916884512
6.81653039649057 7.51206868981005
6.82451228220075 7.52660867554121
6.83249416791093 7.52087070924662
6.8404760536211 7.49488564869315
6.84845793933128 7.44879346026045
6.85643982504146 7.38284246503233
6.86442171075163 7.29738800098663
6.87240359646181 7.1928905084908
6.88038548217198 7.06991304941792
6.88836736788216 6.92911827325061
6.89634925359234 6.7712648465195
6.90433113930251 6.59720336481556
6.91231302501269 6.40787176940373
6.92029491072287 6.20429029313475
6.92827679643304 5.98755596288896
6.93625868214322 5.75883668817532
6.9442405678534 5.51936496773942
6.95222245356357 5.27043124809253
6.96020433927375 5.01337696974973
6.96818622498392 4.749587338648
6.9761681106941 4.4804838616964
6.98414999640428 4.20751668668136
6.99213188211445 3.93215678780471
7.00011376782463 3.65588803896416
7.00809565353481 3.38019921749067
7.01607753924498 3.10657598143244
7.02405942495516 2.83649286361764
7.03204131066533 2.57140532563807
7.04002319637551 2.31274191457285
7.04800508208569 2.06189656471805
7.05598696779586 1.82022108580674
7.06396885350604 1.5890178781994
7.07195073921622 1.36953291430134
7.07993262492639 1.16294902402967
7.08791451063657 0.970379520513882
7.09589639634675 0.792862200380876
7.10387828205692 0.631353750956818
7.1118601677671 0.486724594525718
7.11984205347727 0.359754197429401
7.12782393918745 0.251126869288895
7.13580582489763 0.161428074986153
7.1437877106078 0.0911412792820487
7.15176959631798 0.0406453410764175
7.15975148202816 0.0102124713541365
7.16773336773833 6.76582374805547e-06
7.17571525344851 0.0100833201583233
7.18369713915869 0.0403879101166225
7.19167902486886 0.090757171337785
7.19966091057904 0.160919592970045
7.20764279628921 0.250497003797883
7.21562468199939 0.359006610575954
7.22360656770957 0.485863600136022
7.23158845341974 0.630384291242498
7.23957033912992 0.791789819209738
7.2475522248401 0.969210333423513
7.25553411055027 1.1616896851452
7.26351599626045 1.36819058033542
7.27149788197062 1.58760016972804
7.2794797676808 1.81873604602945
7.28746165339098 2.06035261592411
7.29544353910115 2.31114781254812
7.30342542481133 2.5697701122575
7.31140731052151 2.83482581787884
7.31938919623168 3.10488656919368
7.32737108194186 3.37849704018391
7.33535296765204 3.65418278155918
7.34333485336221 3.93045816630443
7.35131673907239 4.20583439543104
7.35929862478256 4.47882752079034
7.36728051049274 4.74796644171695
7.37526239620292 5.01180083241031
7.38324428191309 5.26890895733604
7.39122616762327 5.51790533253283
7.39920805333345 5.75744819154054
7.40718993904362 5.98624671571853
7.4151718247538 6.20306798999289
7.42315371046397 6.40674364655098
7.43113559617415 6.59617616068335
7.43911748188433 6.77034476484776
7.4470993675945 6.92831094908748
7.45508125330468 7.06922351816481
7.46306313901486 7.1923231781603
7.47104502472503 7.29694662782299
7.47902691043521 7.38253013262641
7.48700879614539 7.44861256227247
7.49499068185556 7.49483787527672
7.50297256756574 7.52095703724817
7.51095445327591 7.52682936252818
7.51893633898609 7.51242327196125
7.52691822469627 7.47781646271517
7.53490011040644 7.42319548923833
7.54288199611662 7.34885475761348
7.5508638818268 7.25519493872917
7.55884576753697 7.1427208088218
7.56682765324715 7.01203852902645
7.57480953895733 6.86385237859836
7.5827914246675 6.69896095941003
7.59077331037768 6.518252892179
7.59875519608785 6.32270202761905
7.60673708179803 6.11336219832264
7.61471896750821 5.89136153965608
7.62270085321838 5.65789641027221
7.63068273892856 5.4142249450022
7.63866462463874 5.16166027486918
7.64664651034891 4.90156345076037
7.65462839605909 4.63533610889057
7.66261028176926 4.36441291758188
7.67059216747944 4.09025384606216
7.67857405318962 3.81433629694425
7.68655593889979 3.5381471447822
7.69453782460997 3.26317472360666
7.70251971032015 2.99090080661667
7.71050159603032 2.72279262124709
7.7184834817405 2.46029494264023
7.72646536745068 2.20482230812744
7.73444725316085 1.95775139467461
7.74242913887103 1.72041360036689
7.7504110245812 1.49408786990854
7.75839291029138 1.27999380279874
7.76637479600156 1.07928508132082
7.77435668171173 0.89304325375899
7.78233856742191 0.722271906342224
7.79032045313209 0.567891255320247
7.79830233884226 0.43073318831251
7.80628422455244 0.311536781649945
7.81426611026261 0.210944317864281
7.82224799597279 0.129497824784495
7.83022988168297 0.0676361548891393
7.83821176739314 0.0256926206519773
7.84619365310332 0.00389319862222911
7.8541755388135 0.00235531191598449
7.86215742452367 0.021087197678415
7.87013931023385 0.0599878629241846
7.87812119594403 0.11884762899285
7.8861030816542 0.197349261684175
7.89408496736438 0.295069680982235
7.90206685307455 0.411482241153959
7.91004873878473 0.545959568934214
7.91803062449491 0.697776944502182
7.92601251020508 0.866116207028861
7.93399439591526 1.05007016374883
7.94197628162544 1.24864747879607
7.94995816733561 1.46077801545839
7.95794005304579 1.68531860306172
7.96592193875597 1.92105919740733
7.97390382446614 2.16672940156451
7.98188571017632 2.42100531187906
7.98986759588649 2.68251665230612
7.99784948159667 2.94985415862153
8.00583136730685 3.22157717272007
8.01381325301702 3.49622140607644
8.0217951387272 3.7723068305336
8.02977702443738 4.04834565389687
8.03775891014755 4.32285033735544
8.04574079585773 4.59434161152725
8.0537226815679 4.86135644793124
8.06170456727808 5.12245594293044
8.06968645298826 5.37623307166202
8.07766833869843 5.62132027017024
8.08565022440861 5.8563968048845
8.09363211011879 6.08019588973067
8.10161399582896 6.29151151252363
8.10959588153914 6.48920493385584
8.11757776724932 6.67221082346134
8.12555965295949 6.83954300098868
8.13354153866967 6.99029975024715
8.14152342437984 7.12366867829015
8.14950531009002 7.23893109315162
8.1574871958002 7.33546587664547
8.16546908151037 7.41275283135911
8.17345096722055 7.47037548380543
8.18143285293073 7.50802332862813
8.1894147386409 7.52549350176775
8.19739662435108 7.52269187357212
8.20537851006126 7.49963355596173
8.21336039577143 7.45644282091703
8.22134228148161 7.39335243072752
8.22932416719178 7.31070238361225
8.23730605290196 7.20893808147131
8.24528793861214 7.08860792964248
8.25326982432231 6.95036038159752
8.26125171003249 6.79494044450377
8.26923359574267 6.62318566448188
8.27721548145284 6.43602161319455
8.28519736716302 6.23445690008784
8.29317925287319 6.0195777371631
8.30116113858337 5.79254208556873
8.30914302429355 5.55457341555441
8.31712491000372 5.30695411341383
8.3251067957139 5.05101857094435
8.33308868142408 4.78814599466279
8.34107056713425 4.51975297352659
8.34905245284443 4.24728584521113
8.35703433855461 3.97221290207918
8.36501622426478 3.69601647884271
8.37299810997496 3.42018496455452
8.38097999568513 3.14620478197481
8.38896188139531 2.87555237753414
8.39694376710549 2.60968626505642
8.40492565281566 2.35003916611641
8.41290753852584 2.09801028938532
8.42088942423602 1.85495779056892
8.42887130994619 1.6221914535698
8.43685319565637 1.40096563231296
8.44483508136654 1.1924724912695
8.45281696707672 0.997835581103428
8.4607988527869 0.818103784060948
8.46878073849707 0.654245661728852
8.47676262420725 0.507144235620693
8.48474450991743 0.377592228716875
8.4927263956276 0.266287793600889
8.50070828133778 0.173830750211844
8.50869016704796 0.100719353487222
8.51667205275813 0.0473476083144193
8.52465393846831 0.0140031462603189
8.53263582417848 0.000865675520907512
8.54061770988866 0.00800601244403153
8.54859959559884 0.035385699844464
8.55658148130901 0.082857214168404
8.56456336701919 0.150164760391393
8.57254525272937 0.236945650366504
8.58052713843954 0.342732257195629
8.58850902414972 0.46695453509263
8.5964909098599 0.608943091159884
8.60447279557007 0.767932792525607
8.61245468128025 0.943066889404456
8.62043656699042 1.13340163186369
8.6284184527006 1.33791135541677
8.63640033841078 1.55549400803986
8.64438222412095 1.78497708882796
8.65236410983113 2.02512396628915
8.66034599554131 2.27464054222969
8.66832788125148 2.53218222532042
8.67630976696166 2.79636117676594
8.68429165267183 3.06575378903189
8.69227353838201 3.33890835732971
8.70025542409219 3.61435290251936
8.70823730980236 3.89060310327469
8.71621919551254 4.16617029476717
8.72420108122272 4.43956949076524
8.73218296693289 4.70932738592043
8.74016485264307 4.97399029511774
8.74814673835325 5.23213198710745
8.75612862406342 5.48236137020462
8.7641105097736 5.7233299886399
8.77209239548377 5.95373928916561
8.78007428119395 6.17234761875883
8.78805616690413 6.37797691571253
8.7960380526143 6.56951905805744
8.80401993832448 6.74594183510461
8.81200182403466 6.90629450992863
8.81998370974483 7.04971294281646
8.82796559545501 7.17542424807208
8.83594748116519 7.28275095908194
8.84392936687536 7.37111467919619
8.85191125258554 7.44003919875089
8.85989313829571 7.48915306143393
8.86787502400589 7.51819156616381
8.87585690971607 7.52699819369318
8.88383879542624 7.51552545024817
8.89182068113642 7.48383512365664
8.8998025668466 7.43209795058391
8.90778445255677 7.36059269666825
8.91576633826695 7.26970465451173
8.92374822397712 7.15992356761959
8.9317301096873 7.03184099147416
8.93971199539748 6.88614710596286
8.94769388110765 6.7236269963361
8.95567576681783 6.54515642273519
8.96365765252801 6.35169710108583
8.97163953823818 6.14429152078658
8.97962142394836 5.92405732711722
8.98760330965854 5.69218129863789
8.99558519536871 5.44991295203251
9.00356708107889 5.19855780885735
9.01154896678906 4.93947036047786
9.01953085249924 4.67404676910315
9.02751273820942 4.40371734424981
9.03549462391959 4.12993883517693
9.04347650962977 3.85418658082594
9.05145839533995 3.57794655956692
9.05944028105012 3.30270738159291
9.0674221667603 3.02995226711307
9.07540405247047 2.76115105357206
9.08338593818065 2.49775227496673
9.09136782389083 2.24117535594275
9.099349709601 1.99280296273554
9.10733159531118 1.75397355217461
9.11531348102136 1.52597415890333
9.12329536673153 1.31003345968256
9.13127725244171 1.10731515215339
9.13925913815189 0.918911683740195
9.14724102386206 0.745838364487993
9.15522290957224 0.589027895559674
9.16320479528241 0.449325342878693
9.17118668099259 0.327483583004173
9.17916856670277 0.224159245780743
9.18715045241294 0.13990917562848
9.19513233812312 0.0751874305436352
9.2031142238333 0.0303428349832679
9.21109610954347 0.00561709982225631
9.21907799525365 0.00114351951540017
9.22705988096383 0.0169462534869627
9.235041766674 0.0529401956217896
9.24302365238418 0.108931432563042
9.25100553809435 0.184618288348676
9.25898742380453 0.279592949759173
9.26696930951471 0.39334366361974
9.27495119522488 0.525257494218049
9.28293308093506 0.674623625980265
9.29091496664524 0.840637193609821
9.29889685235541 1.02240361905098
9.30687873806559 1.21894343190806
9.31486062377576 1.42919754734586
9.32284250948594 1.65203297303156
9.33082439519612 1.88624891436634
9.33880628090629 2.13058324510832
9.34678816661647 2.3837193085198
9.35477005232665 2.64429301239007
9.36275193803682 2.91090017970165
9.370733823747 3.18210411532997
9.37871570945718 3.45644334800214
9.38669759516735 3.73243950579624
9.39467948087753 4.00860528274224
9.4026613665877 4.28345245359516
9.41064325229788 4.55549989359093
9.41862513800806 4.82328155996866
9.42660702371823 5.08535439224867
9.43458890942841 5.34030608869356
9.44257079513859 5.58676271704635
9.45055268084876 5.82339611853286
9.45853456655894 6.04893106522917
9.46651645226911 6.26215213222409
9.47449833797929 6.4619102475431
9.48248022368947 6.6471288845368
9.49046210939964 6.81680986336308
9.49844399510982 6.97003873029889
9.50642588082 7.10598968589224
9.51440776653017 7.22393003539587
9.52238965224035 7.32322413749863
9.53037153795053 7.40333683007371
9.5383534236607 7.4638363144811
9.54633530937088 7.50439648287934
9.55431719508105 7.52479867600286
9.56229908079123 7.52493286193047
9.57028096650141 7.50473127166106
9.57826285221158 7.46430312896988
9.58624473792176 7.40393352026144
9.59422662363194 7.32394785327225
9.60220850934211 7.22477724112656
9.61019039505229 7.10695617871085
9.61817228076247 6.97111966196061
9.62615416647264 6.81799976558459
9.63413605218282 6.64842169767103
9.64211793789299 6.4632993524383
9.65009982360317 6.26363038509717
9.65808170931335 6.05049083536686
9.66606359502352 5.82502932861904
9.6740454807337 5.58846088589993
9.68202736644388 5.34206037618818
9.69000925215405 5.08715564617379
9.69799113786423 4.82512036458119
9.7059730235744 4.55736661959751
9.71395490928458 4.28533730929727
9.72193679499476 4.0104983660704
9.72991868070493 3.73433085695439
9.73790056641511 3.45832300244031
9.74588245212529 3.18396215676133
9.75386433783546 2.91272679287993
9.76184622354564 2.64607853536442
9.76982810925582 2.38545428408725
9.77780999496599 2.13225847118783
9.78579188067617 1.88785549302463
9.79377376638634 1.65356235789787
9.80175565209652 1.43064158916143
9.8097375378067 1.22029442196632
9.81771942351687 1.02365433029532
9.82570130922705 0.84178091916889
9.83368319493723 0.675654214933971
9.8416650806474 0.526169384402658
9.84964696635758 0.394131911296107
9.85762885206776 0.280253255985068
9.86561073777793 0.185147021913786
9.87359262348811 0.109325649363677
9.88157450919828 0.0531976543714061
9.88955639490846 0.0170654276782511
9.89753828061864 0.001123605569799
9.90552016632881 0.00545802138318251
9.91350205203899 0.0300452433300365
9.92148393774917 0.0747527011238399
9.92946582345934 0.139339400727419
9.93744770916952 0.223457223367184
9.94542959487969 0.32665280181226
9.95341148058987 0.448369963805967
9.96139336630005 0.587952729480942
9.96937525201022 0.744648846603983
9.9773571377204 0.917613844598532
9.98533902343058 1.10591558549724
9.99332090914075 1.3085392872993
10.0013027948509 1.52439299266175
