0 7.5375
0.0119728285652644 7.49179001777594
0.0239456571305288 7.40092554408
0.0359184856957932 7.26601012722671
0.0478913142610576 7.08868197079909
0.059864142826322 6.87109404223345
0.0718369713915864 6.61588793380244
0.0838097999568508 6.3261617933405
0.0957826285221152 6.00543271402769
0.10775545708738 5.65759403979339
0.119728285652644 5.28686810460509
0.131701114217908 4.89775497931991
0.143673942783173 4.49497784822541
0.155646771348437 4.08342567829413
0.167619599913701 3.66809387702598
0.179592428478966 3.25402365915663
0.19156525704423 2.84624085817132
0.203538085609495 2.44969492529273
0.215510914174759 2.06919885632665
0.227483742740023 1.70937077547872
0.239456571305288 1.37457788513554
0.251429399870552 1.06888346187862
0.263402228435817 0.795997542019356
0.275375057001081 0.559231895154914
0.287347885566345 0.361459832193703
0.29932071413161 0.205081335616241
0.311293542696874 0.0919939351346225
0.323266371262138 0.0235696821764175
0.335239199827403 0.000638502592394031
0.347212028392667 0.0234781295709279
0.359184856957932 0.0918107388747038
0.371157685523196 0.204806327166839
0.38313051408846 0.361092792351127
0.395103342653725 0.558772593508069
0.407076171218989 0.795445788151913
0.419048999784254 1.06823916713338
0.431021828349518 1.37384113350731
0.442994656914782 1.7085419019724
0.454967485480047 2.06827853091774
0.466940314045311 2.44868424046097
0.478913142610575 2.84514141784854
0.49088597117584 3.25283766683959
0.502858799741104 3.66682422075551
0.514831628306369 4.08207601019519
0.526804456871633 4.49355265633901
0.538777285436897 4.89625964953714
0.550750114002162 5.28530897063482
0.562722942567426 5.65597841925743
0.574695771132691 6.00376892897807
0.586668599697955 6.32445917372937
0.598641428263219 6.61415680270402
0.610614256828484 6.86934568191398
0.622587085393748 7.08692856905108
0.634559913959012 7.26426470372326
0.646532742524277 7.39920185685716
0.658505571089541 7.49010245031155
0.670478399654806 7.53586342972007
0.68245122822007 7.53592964940176
0.694424056785334 7.49030060692545
0.706396885350599 7.39953044563149
0.718369713915863 7.26472122512309
0.730342542481128 7.08750954144779
0.742315371046392 6.87004665940512
0.754288199611656 6.61497239816043
0.766261028176921 6.32538308716093
0.778233856742185 6.00479398131821
0.790206685307449 5.65709659166833
0.802179513872714 5.28651144943042
0.814152342437978 4.89753687680757
0.826125171003243 4.49489438633805
0.838097999568507 4.08347137152194
0.850070828133771 3.6682617843215
0.862043656699036 3.25430551956385
0.8740164852643 2.84662724196655
0.885989313829564 2.4501753982677
0.897962142394829 2.06976215469312
0.909934970960093 1.71000498875882
0.921907799525358 1.3752706443249
0.933880628090622 1.06962213013161
0.945853456655886 0.796769405105752
0.957826285221151 0.560024348976645
0.969799113786415 0.362260564726943
0.98177194235168 0.205878500756697
0.993744770916944 0.0927763160710805
1.00571759948221 0.0243268420965177
1.01769042804747 0.00136092073273249
1.02966325661274 0.0241573208576932
1.041636085178 0.092439355657649
1.05360891374327 0.205378241824683
1.06558174230853 0.361603159836459
1.0775545708738 0.559217893200288
1.08952739943906 0.795823844693384
1.10150022800432 1.06854915023241
1.11347305656959 1.37408353699745
1.12544588513485 1.70871850271655
1.13741871370012 2.06839232843354
1.14939154226538 2.44873937841693
1.16136437083065 2.8451430888343
1.17333719939591 3.25279200204571
1.18531002796118 3.66673816640459
1.19728285652644 4.0819571927442
1.2092556850917 4.49340923862045
1.22122851365697 4.89610018012181
1.23320134222223 5.28514222878027
1.2451741707875 5.65581325785256
1.25714699935276 6.00361411790523
1.26911982791803 6.3243232460414
1.28109265648329 6.61404790595419
1.29306548504856 6.86927143688448
1.30503831361382 7.08689593800023
1.31701114217909 7.26427987011677
1.32898397074435 7.39927011836497
1.34095679930961 7.49022812664397
1.35292962787488 7.53604978664587
1.36490245644014 7.53617884004213
1.37687528500541 7.49061363115341
1.38884811357067 7.39990712813108
1.40082094213594 7.26516021238019
1.4127937707012 7.08800831765918
1.42476659926647 6.87060158100773
1.43673942783173 6.61557874640394
1.44871225639699 6.32603513787673
1.46068508496226 6.00548509078106
1.47265791352752 5.65781929720705
1.48463074209279 5.28725758322428
1.49660357065805 4.89829769110859
1.50857639922332 4.4956606881894
1.52054922778858 4.08423366490124
1.53252205635385 3.6690104175266
1.54449488491911 3.25503083558075
1.55646771348437 2.84731972951323
1.56844054204964 2.45082584119699
1.5804133706149 2.07036177746035
1.59238619918017 1.71054559571705
1.60435902774543 1.37574475070026
1.6163318563107 1.07002308265289
1.62830468487596 0.797091490413997
1.64027751344123 0.560262888120009
1.65225034200649 0.362411992250596
1.66422317057176 0.205940427124767
1.67619599913702 0.0927475724036615
1.68816882770228 0.0242075064664231
1.70014165626755 0.00115232554016351
1.71211448483281 0.0238620410822671
1.72408731339808 0.0920611780723548
1.73606014196334 0.204922115541122
1.74803297052861 0.36107512883109
1.76000579909387 0.55862501174324
1.77197862765914 0.795174076860816
1.7839514562244 1.06785125492653
1.79592428478966 1.37334694012161
1.80789711335493 1.70795315835312
1.81986994192019 2.06760857104627
1.83184277048546 2.44794776824492
1.84381559905072 2.84435425275925
1.85578842761599 3.25201647229577
1.86776125618125 3.66598621950575
1.87973408474652 4.08123869114303
1.89170691331178 4.49273347737947
1.90367974187705 4.89547574103108
1.91565257044231 5.28457684413681
1.92762539900757 5.65531368603354
1.93959822757284 6.00318603270383
1.9515710561381 6.32397114154726
1.96354388470337 6.61377501854628
1.97551671326863 6.86907968566569
1.9874895418339 7.08678588474406
1.99946237039916 7.2642506995187
2.01143519896443 7.39931963910169
2.02340802752969 7.49035279344251
2.03538085609495 7.53624474325983
2.04735368466022 7.53643798272542
2.05932651322548 7.49092969191864
2.07129934179075 7.40027177678411
2.08327217035601 7.2655641760387
2.09524499892128 7.08844151619509
2.10721782748654 6.87105327660572
2.11919065605181 6.61603770520378
2.13116348461707 6.32648980146998
2.14313631318233 6.00592375516512
2.1551091417476 5.65823029666489
2.16708197031286 5.28762947649785
2.17905479887813 4.89861944717044
2.19102762744339 4.49592186889095
2.20300045600866 4.0844246017884
2.21497328457392 3.66912238016446
2.22694611313919 3.25505618881791
2.23891894170445 2.84725207724268
2.25089177026972 2.45066015433244
2.26286459883498 2.07009450404313
2.27483742740024 1.71017475129567
2.28681025596551 1.37526998738138
2.29878308453077 1.06944573550329
2.31075591309604 0.796414600196465
2.3227287416613 0.559491199666548
2.33470157022657 0.361551928110465
2.34667439879183 0.205000036467694
2.3586472273571 0.0917364555056766
2.37062005592236 0.0231367154523062
2.38259288448762 3.42423977092583e-05
2.39456571305289 0.0227102342946773
2.40653854161815 0.090890069352604
2.41851137018342 0.203745789229348
2.43048419874868 0.359907013404408
2.44245702731395 0.557477751115059
2.45442985587921 0.794059421388751
2.46640268444448 1.0667799728923
2.47837551300974 1.3723287500762
2.49034834157501 1.70699668235376
2.50232117014027 2.06672130845455
2.51429399870553 2.44713608941294
2.5262668272708 2.84362341160868
2.53823965583606 3.25137063649736
2.55021248440133 3.66542851669982
2.56218531296659 4.08077126940715
2.57415814153186 4.49235757795245
2.58613097009712 4.89519178114464
2.59810379866239 5.28438450769024
2.61007662722765 5.65521201977331
2.62204945579291 6.00317354554022
2.63402228435818 6.32404590465384
2.64599511292344 6.6139347639445
2.65796794148871 6.86932190109408
2.66994077005397 7.0871079027484
2.68191359861924 7.2646497788723
2.6938864271845 7.39979303687086
2.70585925574977 7.49089782624735
2.71783208431503 7.53685883654045
2.7298049128803 7.53711870710361
2.74177774144556 7.49167478604032
2.75375057001082 7.40107915633282
2.76572339857609 7.26643192892006
2.77769622714135 7.08936788420054
2.78966905570662 6.87203662416627
2.80164188427188 6.61707647613475
2.81361471283715 6.3275824648812
2.82558754140241 6.00706874196309
2.83756036996768 5.65942592829877
2.84953319853294 5.28887388779654
2.8615060270982 4.89991050527924
2.87347885566347 4.49725709044078
2.88545168422873 4.08580107051531
2.897424512794 3.67053666724133
2.90939734135926 3.25650427816113
2.92137016992453 2.84872929801575
2.93334299848979 2.45216112278422
2.94531582705506 2.07161307669306
2.95728865562032 1.71170399131321
2.96926148418558 1.37680214580358
2.98123431275085 1.07097224869719
2.99320714131611 0.797926104704326
3.00517996988138 0.560977565276267
3.01715279844664 0.363002309675757
3.02912562701191 0.206402944667211
3.04109845557717 0.0930798463829859
3.05307128414244 0.0244080982249111
3.0650441127077 0.00122080466895292
3.07701694127297 0.0237989834532839
3.08898976983823 0.0918681587854582
3.10096259840349 0.204601696871941
3.11293542696876 0.360630843240026
3.12490825553402 0.558061339981418
3.13688108409929 0.79449642118567
3.14885391266455 1.06706590741951
3.16082674122982 1.3724610460844
3.17279956979508 1.70697467474791
3.18477239836035 2.0665462199407
3.19674522692561 2.44681098522486
3.20871805549087 2.84315313028237
3.22069088405614 3.25076169797696
3.2326637126214 3.66468900935232
3.24463654118667 4.07991071779249
3.25660936975193 4.49138679343672
3.2685821983172 4.89412269765324
3.28055502688246 5.28323000507372
3.29252785544773 5.65398573739789
3.30450068401299 6.00188968881738
3.31647351257826 6.3227190472861
3.32844634114352 6.61257964868926
3.34041916970878 6.86795324183208
3.35239199827405 7.08574019058986
3.36436482683931 7.26329709494318
3.37633765540458 7.39846887429438
3.38831048396984 7.48961492367567
3.40028331253511 7.53562902539946
3.41225614110037 7.53595277449358
3.42422896966564 7.49058235499021
3.4362017982309 7.40006858483943
3.44817462679616 7.26551022891928
3.46014745536143 7.08854066132103
3.47212028392669 6.87130803880913
3.48409311249196 6.61644922611215
3.49606594105722 6.32705778953556
3.50803876962249 6.00664644738123
3.52001159818775 5.65910443293672
3.53198442675302 5.2886502875444
3.54395725531828 4.89978065672582
3.55593008388355 4.4972157108481
3.56790291244881 4.08584185278705
3.57987574101407 3.6706524079697
3.59184856957934 3.25668701666671
3.6038213981446 2.8489704641556
3.61579422670987 2.45245169119843
3.62776705527513 2.07194372508848
3.6397398838404 1.71206526034727
3.65171271240566 1.37718459813106
3.66368554097093 1.0713666247776
3.67565836953619 0.798323473037471
3.68763119810145 0.561369464836721
3.69960402666672 0.363380882451806
3.71157685523198 0.206761056374642
3.72354968379725 0.093411193615806
3.73552251236251 0.024707300521189
3.74749534092778 0.00148348020711812
3.75946816949304 0.0240218073488933
3.77144099805831 0.0920489032269192
3.78341382662357 0.204739252612023
3.79538665518883 0.360725222244154
3.8073594837541 0.55811365931957
3.81933231231936 0.794508868538125
3.83130514088463 1.0670416888435
3.84327796944989 1.37240431695512
3.85525079801516 1.70689045503914
3.86722362658042 2.06644029524456
3.87919645514569 2.44668979512263
3.89116928371095 2.84302364586673
3.90314211227622 3.25063129048736
3.91511494084148 3.6645653120169
3.92708776940674 4.07980148307094
3.93906059797201 4.49129974792626
3.95103342653727 4.89406539695459
3.96300625510254 5.28320969091413
3.9749790836678 5.65400919927469
3.98695191223307 6.00196313235823
3.99892474079833 6.32284797142227
4.0108975693636 6.61276873360711
4.02287039792886 6.86820624950789
4.03484322649412 7.08605987952561
4.04681605505939 7.26368515050969
4.05878888362465 7.39892585585509
4.07076171218992 7.49014022941437
4.08273454075518 7.53622087550973
4.09470736932045 7.53660821311305
4.10668019788571 7.49129727098062
4.11865302645098 7.4008377512295
4.13062585501624 7.26632736054515
4.1425986835815 7.08939848992203
4.15457151214677 6.87219840457063
4.16654434071203 6.61736318439343
4.1785171692773 6.32798573128602
4.19048999784256 6.00757823153284
4.20246282640783 5.66002952887086
4.21443565497309 5.2895579255672
4.22640848353836 4.90065998435232
4.23838131210362 4.49805595259281
4.25035414066889 4.08663247108911
4.26232696923415 3.67138326284554
4.27429979779941 3.25734852168291
4.28627262636468 2.84955373634945
4.29824545492994 2.45294869264348
4.31021828349521 2.07234739390591
4.32219111206047 1.71236962910037
4.33416394062574 1.37738489770735
4.346136769191 1.0714593720592
4.35810959775627 0.798306540882355
4.37008242632153 0.561242133138663
4.38205525488679 0.363143869311761
4.39402808345206 0.206416528697109
4.40600091201732 0.0929627567368559
4.41797374058259 0.0241599667759485
4.42994656914785 0.000843616649428331
4.44191939771312 0.0232970631403221
4.45389222627838 0.0912481175119295
4.46586505484365 0.203872343986614
4.47783788340891 0.359803061202498
4.48981071197418 0.557147925323069
4.50178354053944 0.793511893589998
4.5137563691047 1.06602628966612
4.52572919766997 1.3713836180534
4.53770202623523 1.70587770508866
4.5496748548005 2.06544867936538
4.56164768336576 2.4457322456865
4.57362051193103 2.84211265453598
4.58559334049629 3.24977872419602
4.59756616906156 3.663782235579
4.60953899762682 4.07909799103709
4.62151182619208 4.49068480820797
4.63348465475735 4.89354670859781
4.64545748332261 5.28279355823027
4.65743031188788 5.65370042433185
4.66940314045314 6.00176492759876
4.68137596901841 6.32276189390974
4.69334879758367 6.61279464211846
4.70532162614894 6.86834228537904
4.7172944547142 7.08630247183584
4.72926728327946 7.26402904585472
4.74124011184473 7.39936417261735
4.75321294040999 7.49066453609378
4.76518576897526 7.53682129233663
4.77715859754052 7.53727353582953
4.78913142610579 7.4917900177759
4.80110425467105 7.40092554407996
4.81307708323632 7.26601012722667
4.82504991180158 7.08868197079906
4.83702274036685 6.87109404223341
4.84899556893211 6.6158879338024
4.86096839749737 6.32616179334047
4.87294122606264 6.00543271402766
4.8849140546279 5.65759403979335
4.89688688319317 5.28686810460505
4.90885971175843 4.89775497931987
4.9208325403237 4.49497784822537
4.93280536888896 4.0834256782941
4.94477819745423 3.66809387702595
4.95675102601949 3.2540236591566
4.96872385458475 2.8462408581713
4.98069668315002 2.44969492529271
4.99266951171528 2.06919885632662
5.00464234028055 1.7093707754787
5.01661516884581 1.37457788513552
5.02858799741108 1.0688834618786
5.04056082597634 0.795997542019342
5.05253365454161 0.559231895154902
5.06450648310687 0.361459832193693
5.07647931167214 0.205081335616233
5.0884521402374 0.0919939351346174
5.10042496880266 0.0235696821764145
5.11239779736793 0.000638502592393166
5.12437062593319 0.023478129570929
5.13634345449846 0.0918107388747067
5.14831628306372 0.204806327166843
5.16028911162899 0.361092792351133
5.17226194019425 0.558772593508076
5.18423476875952 0.795445788151921
5.19620759732478 1.06823916713339
5.20818042589004 1.37384113350732
5.22015325445531 1.70854190197241
5.23212608302057 2.06827853091775
5.24409891158584 2.44868424046098
5.2560717401511 2.84514141784855
5.26804456871637 3.2528376668396
5.28001739728163 3.66682422075552
5.2919902258469 4.08207601019519
5.30396305441216 4.49355265633902
5.31593588297743 4.89625964953715
5.32790871154269 5.28530897063482
5.33988154010795 5.65597841925743
5.35185436867322 6.00376892897807
5.36382719723848 6.32445917372937
5.37580002580375 6.61415680270402
5.38777285436901 6.86934568191397
5.39974568293428 7.08692856905106
5.41171851149954 7.26426470372325
5.42369134006481 7.39920185685715
5.43566416863007 7.49010245031154
5.44763699719533 7.53586342972006
5.4596098257606 7.53592964940174
5.47158265432586 7.49030060692543
5.48355548289113 7.39953044563146
5.49552831145639 7.26472122512307
5.50750114002166 7.08750954144777
5.51947396858692 6.8700466594051
5.53144679715219 6.6149723981604
5.54341962571745 6.32538308716091
5.55539245428271 6.00479398131819
5.56736528284798 5.6570965916683
5.57933811141324 5.2865114494304
5.59131093997851 4.89753687680755
5.60328376854377 4.49489438633802
5.61525659710904 4.08347137152192
5.6272294256743 3.66826178432147
5.63920225423957 3.25430551956383
5.65117508280483 2.84662724196653
5.6631479113701 2.45017539826768
5.67512073993536 2.06976215469311
5.68709356850062 1.71000498875881
5.69906639706589 1.37527064432489
5.71103922563115 1.0696221301316
5.72301205419642 0.796769405105741
5.73498488276168 0.560024348976636
5.74695771132695 0.362260564726936
5.75893053989221 0.205878500756691
5.77090336845748 0.0927763160710769
5.78287619702274 0.0243268420965158
5.794849025588 0.00136092073273214
5.80682185415327 0.0241573208576943
5.81879468271853 0.0924393556576514
5.8307675112838 0.205378241824686
5.84274033984906 0.361603159836464
5.85471316841433 0.559217893200293
5.86668599697959 0.795823844693391
5.87865882554486 1.06854915023242
5.89063165411012 1.37408353699745
5.90260448267539 1.70871850271655
5.91457731124065 2.06839232843355
5.92655013980591 2.44873937841694
5.93852296837118 2.84514308883431
5.95049579693644 3.25279200204571
5.96246862550171 3.6667381664046
5.97444145406697 4.0819571927442
5.98641428263224 4.49340923862046
5.9983871111975 4.89610018012182
6.01035993976277 5.28514222878028
6.02233276832803 5.65581325785256
6.03430559689329 6.00361411790523
6.04627842545856 6.3243232460414
6.05825125402382 6.61404790595419
6.07022408258909 6.86927143688446
6.08219691115435 7.08689593800023
6.09416973971962 7.26427987011676
6.10614256828488 7.39927011836496
6.11811539685015 7.49022812664396
6.13008822541541 7.53604978664585
6.14206105398068 7.53617884004211
6.15403388254594 7.49061363115339
6.1660067111112 7.39990712813104
6.17797953967647 7.26516021238016
6.18995236824173 7.08800831765915
6.201925196807 6.87060158100769
6.21389802537226 6.6155787464039
6.22587085393753 6.3260351378767
6.23784368250279 6.00548509078102
6.24981651106806 5.65781929720701
6.26178933963332 5.28725758322425
6.27376216819858 4.89829769110855
6.28573499676385 4.49566068818937
6.29770782532911 4.0842336649012
6.30968065389438 3.66901041752656
6.32165348245964 3.25503083558072
6.33362631102491 2.8473197295132
6.34559913959017 2.45082584119695
6.35757196815544 2.07036177746032
6.3695447967207 1.71054559571703
6.38151762528596 1.37574475070024
6.39349045385123 1.07002308265287
6.40546328241649 0.797091490413979
6.41743611098176 0.560262888119994
6.42940893954702 0.362411992250584
6.44138176811229 0.205940427124758
6.45335459667755 0.0927475724036557
6.46532742524282 0.0242075064664202
6.47730025380808 0.00115232554016357
6.48927308237335 0.0238620410822699
6.50124591093861 0.0920611780723602
6.51321873950387 0.20492211554113
6.52519156806914 0.3610751288311
6.5371643966344 0.558625011743251
6.54913722519967 0.795174076860829
6.56111005376493 1.06785125492655
6.5730828823302 1.37334694012162
6.58505571089546 1.70795315835314
6.59702853946073 2.06760857104629
6.60900136802599 2.44794776824494
6.62097419659125 2.84435425275926
6.63294702515652 3.25201647229579
6.64491985372178 3.66598621950577
6.65689268228705 4.08123869114304
6.66886551085231 4.49273347737948
6.68083833941758 4.8954757410311
6.69281116798284 5.28457684413682
6.70478399654811 5.65531368603354
6.71675682511337 6.00318603270384
6.72872965367864 6.32397114154727
6.7407024822439 6.61377501854628
6.75267531080916 6.86907968566569
6.76464813937443 7.08678588474405
6.77662096793969 7.26425069951869
6.78859379650496 7.39931963910167
6.80056662507022 7.4903527934425
6.81253945363549 7.53624474325981
6.82451228220075 7.5364379827254
6.83648511076602 7.49092969191861
6.84845793933128 7.40027177678407
6.86043076789654 7.26556417603867
6.87240359646181 7.08844151619505
6.88437642502707 6.87105327660568
6.89634925359234 6.61603770520374
6.9083220821576 6.32648980146994
6.92029491072287 6.00592375516508
6.93226773928813 5.65823029666485
6.9442405678534 5.28762947649781
6.95621339641866 4.89861944717039
6.96818622498393 4.49592186889091
6.98015905354919 4.08442460178836
6.99213188211445 3.66912238016442
7.00410471067972 3.25505618881788
7.01607753924498 2.84725207724264
7.02805036781025 2.4506601543324
7.04002319637551 2.07009450404309
7.05199602494078 1.71017475129564
7.06396885350604 1.37526998738135
7.07594168207131 1.06944573550327
7.08791451063657 0.796414600196445
7.09988733920183 0.559491199666531
7.1118601677671 0.361551928110452
7.12383299633236 0.205000036467684
7.13580582489763 0.0917364555056703
7.14777865346289 0.0231367154523033
7.15975148202816 3.42423977094504e-05
7.17172431059342 0.0227102342946805
7.18369713915869 0.09089006935261
7.19566996772395 0.203745789229357
7.20764279628921 0.359907013404418
7.21961562485448 0.557477751115072
7.23158845341974 0.794059421388765
7.24356128198501 1.06677997289232
7.25553411055027 1.37232875007622
7.26750693911554 1.70699668235378
7.2794797676808 2.06672130845456
7.29145259624607 2.44713608941296
7.30342542481133 2.8436234116087
7.3153982533766 3.25137063649737
7.32737108194186 3.66542851669984
7.33934391050712 4.08077126940717
7.35131673907239 4.49235757795246
7.36328956763765 4.89519178114465
7.37526239620292 5.28438450769025
7.38723522476818 5.65521201977332
7.39920805333345 6.00317354554023
7.41118088189871 6.32404590465385
7.42315371046398 6.6139347639445
7.43512653902924 6.86932190109408
7.4470993675945 7.0871079027484
7.45907219615977 7.2646497788723
7.47104502472503 7.39979303687086
7.4830178532903 7.49089782624734
7.49499068185556 7.53685883654044
7.50696351042083 7.5371187071036
7.51893633898609 7.49167478604031
7.53090916755136 7.40107915633281
7.54288199611662 7.26643192892004
7.55485482468189 7.08936788420052
7.56682765324715 6.87203662416624
7.57880048181241 6.61707647613473
7.59077331037768 6.32758246488118
7.60274613894294 6.00706874196307
7.61471896750821 5.65942592829875
7.62669179607347 5.28887388779651
7.63866462463874 4.89991050527922
7.650637453204 4.49725709044076
7.66261028176927 4.08580107051529
7.67458311033453 3.67053666724131
7.68655593889979 3.25650427816112
7.69852876746506 2.84872929801574
7.71050159603032 2.4521611227842
7.72247442459559 2.07161307669305
7.73444725316085 1.7117039913132
7.74642008172612 1.37680214580357
7.75839291029138 1.07097224869719
7.77036573885665 0.797926104704319
7.78233856742191 0.560977565276261
7.79431139598718 0.363002309675752
7.80628422455244 0.206402944667208
7.8182570531177 0.0930798463829844
7.83022988168297 0.0244080982249108
7.84220271024823 0.00122080466895368
7.8541755388135 0.0237989834532856
7.86614836737876 0.0918681587854606
7.87812119594403 0.204601696871944
7.89009402450929 0.36063084324003
7.90206685307456 0.558061339981422
7.91403968163982 0.794496421185673
7.92601251020508 1.06706590741951
7.93798533877035 1.3724610460844
7.94995816733561 1.70697467474791
7.96193099590088 2.0665462199407
7.97390382446614 2.44681098522486
7.98587665303141 2.84315313028237
7.99784948159667 3.25076169797696
8.00982231016194 3.66468900935232
8.0217951387272 4.07991071779249
8.03376796729246 4.49138679343671
8.04574079585773 4.89412269765324
8.05771362442299 5.28323000507371
8.06968645298826 5.65398573739788
8.08165928155352 6.00188968881737
8.09363211011879 6.3227190472861
8.10560493868405 6.61257964868925
8.11757776724932 6.86795324183206
8.12955059581458 7.08574019058983
8.14152342437984 7.26329709494316
8.15349625294511 7.39846887429435
8.16546908151037 7.48961492367564
8.17744191007564 7.53562902539942
8.1894147386409 7.53595277449355
8.20138756720617 7.49058235499019
8.21336039577143 7.40006858483939
8.2253332243367 7.26551022891925
8.23730605290196 7.08854066132099
8.24927888146722 6.87130803880909
8.26125171003249 6.61644922611211
8.27322453859775 6.32705778953552
8.28519736716302 6.00664644738119
8.29717019572828 5.65910443293668
8.30914302429355 5.28865028754436
8.32111585285881 4.89978065672578
8.33308868142408 4.49721571084806
8.34506150998934 4.08584185278701
8.35703433855461 3.67065240796966
8.36900716711987 3.25668701666667
8.38097999568513 2.84897046415556
8.3929528242504 2.4524516911984
8.40492565281566 2.07194372508845
8.41689848138093 1.71206526034725
8.42887130994619 1.37718459813104
8.44084413851146 1.07136662477758
8.45281696707672 0.798323473037452
8.46478979564199 0.561369464836706
8.47676262420725 0.363380882451794
8.48873545277251 0.206761056374633
8.50070828133778 0.0934111936158002
8.51268110990304 0.0247073005211865
8.52465393846831 0.00148348020711892
8.53662676703357 0.0240218073488973
8.54859959559884 0.0920489032269261
8.5605724241641 0.204739252612033
8.57254525272937 0.360725222244166
8.58451808129463 0.558113659319585
8.5964909098599 0.794508868538142
8.60846373842516 1.06704168884352
8.62043656699042 1.37240431695514
8.63240939555569 1.70689045503916
8.64438222412095 2.06644029524459
8.65635505268622 2.44668979512265
8.66832788125148 2.84302364586676
8.68030070981675 3.25063129048739
8.69227353838201 3.66456531201692
8.70424636694728 4.07980148307097
8.71621919551254 4.49129974792628
8.7281920240778 4.89406539695462
8.74016485264307 5.28320969091414
8.75213768120833 5.6540091992747
8.7641105097736 6.00196313235825
8.77608333833886 6.32284797142228
8.78805616690413 6.61276873360712
8.80002899546939 6.86820624950789
8.81200182403466 7.08605987952562
8.82397465259992 7.26368515050969
8.83594748116519 7.39892585585509
8.84792030973045 7.49014022941436
8.85989313829571 7.53622087550971
8.87186596686098 7.53660821311305
8.88383879542624 7.49129727098062
8.89581162399151 7.40083775122949
8.90778445255677 7.26632736054513
8.91975728112204 7.08939848992202
8.9317301096873 6.8721984045706
8.94370293825257 6.61736318439341
8.95567576681783 6.32798573128599
8.96764859538309 6.00757823153282
8.97962142394836 5.66002952887083
8.99159425251362 5.28955792556717
9.00356708107889 4.90065998435229
9.01553990964415 4.49805595259278
9.02751273820942 4.08663247108908
9.03948556677468 3.67138326284552
9.05145839533995 3.25734852168288
9.06343122390521 2.84955373634942
9.07540405247047 2.45294869264345
9.08737688103574 2.07234739390589
9.099349709601 1.71236962910036
9.11132253816627 1.37738489770734
9.12329536673153 1.07145937205919
9.1352681952968 0.798306540882342
9.14724102386206 0.561242133138652
9.15921385242733 0.363143869311752
9.17118668099259 0.206416528697103
9.18315950955786 0.0929627567368519
9.19513233812312 0.0241599667759469
9.20710516668838 0.000843616649428881
9.21907799525365 0.0232970631403248
9.23105082381891 0.0912481175119341
9.24302365238418 0.20387234398662
9.25499648094944 0.359803061202506
9.26696930951471 0.557147925323079
9.27894213807997 0.793511893590009
9.29091496664524 1.06602628966614
9.3028877952105 1.37138361805341
9.31486062377576 1.70587770508868
9.32683345234103 2.06544867936539
9.33880628090629 2.44573224568651
9.35077910947156 2.84211265453599
9.36275193803682 3.24977872419603
9.37472476660209 3.66378223557901
9.38669759516735 4.0790979910371
9.39867042373262 4.49068480820798
9.41064325229788 4.89354670859782
9.42261608086315 5.28279355823028
9.43458890942841 5.65370042433187
9.44656173799367 6.00176492759877
9.45853456655894 6.32276189390974
9.4705073951242 6.61279464211846
9.48248022368947 6.86834228537904
9.49445305225473 7.08630247183583
9.50642588082 7.26402904585471
9.51839870938526 7.39936417261734
9.53037153795053 7.49066453609377
9.54234436651579 7.53682129233662
9.55431719508105 7.53727353582952
9.56629002364632 7.49179001777589
9.57826285221158 7.40092554407995
9.59023568077685 7.26601012722666
9.60220850934211 7.08868197079904
9.61418133790738 6.8710940422334
9.62615416647264 6.61588793380238
9.63812699503791 6.32616179334044
9.65009982360317 6.00543271402764
9.66207265216844 5.65759403979334
9.6740454807337 5.28686810460503
9.68601830929896 4.89775497931985
9.69799113786423 4.49497784822535
9.70996396642949 4.08342567829408
9.72193679499476 3.66809387702593
9.73390962356002 3.25402365915658
9.74588245212529 2.84624085817128
9.75785528069055 2.44969492529269
9.76982810925582 2.06919885632661
9.78180093782108 1.70937077547869
9.79377376638634 1.37457788513551
9.80574659495161 1.06888346187859
9.81771942351687 0.795997542019335
9.82969225208214 0.559231895154896
9.8416650806474 0.361459832193689
9.85363790921267 0.20508133561623
9.86561073777793 0.0919939351346158
9.8775835663432 0.0235696821764143
9.88955639490846 0.000638502592394286
9.90152922347372 0.0234781295709313
9.91350205203899 0.09181073887471
9.92547488060425 0.204806327166847
9.93744770916952 0.361092792351139
9.94942053773478 0.558772593508081
9.96139336630005 0.795445788151927
9.97336619486531 1.0682391671334
9.98533902343058 1.37384113350732
9.99731185199584 1.70854190197242
