0 7.58333333333333
0.0266062857005875 7.35651647951778
0.0532125714011751 6.91653680857586
0.0798188571017626 6.28984401618225
0.10642514280235 5.51409348650148
0.133031428502938 4.63588380657868
0.159637714203525 3.70795769130745
0.186243999904113 2.78603443770597
0.2128502856047 1.9254641238113
0.239456571305288 1.17790444262475
0.266062857005875 0.588219675940239
0.292669142706463 0.191787951296508
0.31927542840705 0.0123783912753877
0.345881714107638 0.0607255319894052
0.372487999808226 0.333886512886674
0.399094285508813 0.815419537451556
0.425700571209401 1.4763727960074
0.452306856909988 2.27702438773694
0.478913142610576 3.16926869974184
0.505519428311163 4.09950590210148
0.532125714011751 5.01186102784797
0.558731999712338 5.85153933696418
0.585338285412926 6.56811649970706
0.611944571113513 7.11856606577283
0.638550856814101 7.46984247501755
0.665157142514688 7.60086456383052
0.691763428215276 7.50378052527941
0.718369713915863 7.18443842880404
0.744975999616451 6.66203410588503
0.771582285317039 5.96795759799808
0.798188571017626 5.14390747732048
0.824794856718214 4.23938630089252
0.851401142418801 3.30872760717858
0.878007428119389 2.40783298060412
0.904613713819976 1.59081510730475
0.931219999520564 0.906748380164698
0.957826285221151 0.396722145534068
0.984432570921739 0.091373506458047
1.01103885662233 0.00904779950552191
1.03764514232291 0.154697173484415
1.0642514280235 0.519583381260107
1.09085771372409 1.08180261114133
1.11746399942468 1.80760083054999
1.14407028512526 2.65340065472938
1.17067657082585 3.56841803610621
1.19728285652644 4.49771165988882
1.22388914222703 5.38548195416831
1.25049542792761 6.17842163754966
1.2771017136282 6.82891663368513
1.30370799932879 7.29790516568492
1.33031428502938 7.55722336493258
1.35692057072996 7.59129655642247
1.38352685643055 7.39807466578608
1.41013314213114 6.98915557352463
1.43673942783173 6.38908899541674
1.46334571353231 5.63390266790237
1.4899519992329 4.76893930989103
1.51655828493349 3.84613421477985
1.54316457063408 2.92089691408101
1.56977085633466 2.04878413037509
1.59637714203525 1.28216377466233
1.62298342773584 0.667070288528902
1.64958971343643 0.240440151682262
1.67619599913701 0.0278935590032298
1.7028022848376 0.0421954875384421
1.72940857053819 0.282488590437614
1.75601485623878 0.734344019666824
1.78262114193936 1.37062717374253
1.80922742763995 2.15312643853614
1.83583371334054 3.0348471757265
1.86243999904113 3.96283326526609
1.88904628474172 4.88134682390229
1.9156525704423 5.735215204069
1.94225885614289 6.47314431888026
1.96886514184348 7.05079934426344
1.99547142754407 7.43346779906036
2.02207771324465 7.59814506175334
2.04868399894524 7.53491704499991
2.07529028464583 7.24755693633826
2.10189657034641 6.75330009330605
2.128502856047 6.08181052189426
2.15510914174759 5.27340090683684
2.18171542744818 4.3766129866062
2.20832171314876 3.4453034837548
2.23492799884935 2.53541050532576
2.26153428454994 1.70159453419179
2.28814057025053 0.993955686111174
2.31474685595111 0.455024354101961
2.3413531416517 0.117205973269506
2.36795942735229 0.000833397830312606
2.39456571305288 0.112943921745585
2.42117199875346 0.446845496792268
2.44777828445405 0.982473768300704
2.47438457015464 1.68764528149739
2.50099085585522 2.52000079305023
2.52759714155581 3.42954997222094
2.5542034272564 4.36167389112867
2.58080971295699 5.26040498396708
2.60741599865757 6.07178752364685
2.63402228435816 6.74711685807005
2.66062857005875 7.24586295396267
2.68723485575934 7.5381027737409
2.71384114145992 7.60631551959398
2.74044742716051 7.44643304618958
2.7670537128611 7.0680824710119
2.79365999856168 6.49400651369912
2.82026628426227 5.75869646096578
2.84687256996286 4.90631991843481
2.87347885566345 3.98806783802524
2.90008514136403 3.05908015918445
2.92669142706462 2.17513468306234
2.95329771276521 1.38929799412368
2.9799039984658 0.748739502654225
3.00651028416638 0.291899869670264
3.03311656986697 0.0461837829911961
3.05972285556756 0.0263155588660646
3.08632914126815 0.23345623898786
3.11293542696873 0.655135128079829
3.13954171266932 1.26599981775965
3.16614799836991 2.02933960370607
3.19275428407049 2.89929077503884
3.21936056977108 3.8235913241375
3.24596685547167 4.74671964855395
3.27257314117226 5.61322877329397
3.29917942687284 6.37107589425639
3.32578571257343 6.97474733539756
3.35239199827402 7.38799130508792
3.37899828397461 7.58599439261653
3.40560456967519 7.55687114931972
3.43221085537578 7.30237734471791
3.45881714107637 6.8378041000191
3.48542342677696 6.19105928104661
3.51202971247754 5.40099132769245
3.53863599817813 4.51505617818199
3.56524228387872 3.58646738356251
3.5918485695793 2.6710005335711
3.61845485527989 1.82364386704031
3.64506114098048 1.09529617264806
3.67166742668107 0.529710245000424
3.69827371238165 0.160865417397251
3.72487999808224 0.0109269313181865
3.75148628378283 0.0889146702031837
3.77809256948342 0.390161196543177
3.804698855184 0.896591643285285
3.83130514088459 1.57780866785291
3.85791142658518 2.39291734180975
3.88451771228576 3.29298042304516
3.91112399798635 4.22395660739862
3.93773028368694 5.1299453552346
3.96433656938753 5.95654347686478
3.99094285508811 6.65411194448174
4.0175491407887 7.18075678096935
4.04415542648929 7.50484503486728
4.07076171218988 7.60690475623417
4.09736799789046 7.48079486537161
4.12397428359105 7.13407463589077
4.15058056929164 6.58755056453466
4.17718685499223 5.874027788087
4.20379314069282 5.03634096776672
4.2303994263934 4.12478282645117
4.25700571209399 3.19408469628744
4.28361199779458 2.30013034175895
4.31021828349517 1.49660035010728
4.33682456919575 0.83174856426633
4.36343085489634 0.345504121143372
4.39003714059693 0.0670731242613248
4.41664342629752 0.01318399621722
4.44324971199811 0.187081922266855
4.46985599769869 0.578332830218814
4.49646228339928 1.16344875262837
4.52306856909987 1.90729710227838
4.54967485480046 2.76520932161892
4.57628114050104 3.68566236724503
4.60288742620163 4.61337208354322
4.62949371190222 5.49261277172094
4.65609999760281 6.27056365832073
4.6827062833034 6.90048132885643
4.70931256900398 7.34450761714257
4.73591885470457 7.5759443048059
4.76252514040516 7.58085797718967
4.78913142610575 7.35651647951778
4.81573771180633 6.91653680857586
4.84234399750692 6.28984401618226
4.86895028320751 5.51409348650149
4.8955565689081 4.63588380657869
4.92216285460869 3.70795769130746
4.94876914030927 2.78603443770598
4.97537542600986 1.9254641238113
5.00198171171045 1.17790444262476
5.02858799741104 0.588219675940242
5.05519428311162 0.191787951296509
5.08180056881221 0.0123783912753878
5.1084068545128 0.0607255319894041
5.13501314021339 0.333886512886672
5.16161942591398 0.815419537451553
5.18822571161456 1.47637279600739
5.21483199731515 2.27702438773694
5.24143828301574 3.16926869974184
5.26804456871633 4.09950590210147
5.29465085441691 5.01186102784796
5.3212571401175 5.85153933696418
5.34786342581809 6.56811649970706
5.37446971151868 7.11856606577283
5.40107599721927 7.46984247501755
5.42768228291985 7.60086456383052
5.45428856862044 7.50378052527942
5.48089485432103 7.18443842880404
5.50750114002162 6.66203410588503
5.5341074257222 5.96795759799808
5.56071371142279 5.14390747732049
5.58731999712338 4.23938630089253
5.61392628282397 3.30872760717858
5.64053256852455 2.40783298060413
5.66713885422514 1.59081510730475
5.69374513992573 0.906748380164701
5.72035142562632 0.39672214553407
5.74695771132691 0.091373506458048
5.77356399702749 0.00904779950552165
5.80017028272808 0.154697173484414
5.82677656842867 0.519583381260105
5.85338285412926 1.08180261114133
5.87998913982984 1.80760083054999
5.90659542553043 2.65340065472938
5.93320171123102 3.56841803610621
5.95980799693161 4.49771165988882
5.9864142826322 5.38548195416831
6.01302056833278 6.17842163754965
6.03962685403337 6.82891663368513
6.06623313973396 7.29790516568491
6.09283942543455 7.55722336493258
6.11944571113513 7.59129655642247
6.14605199683572 7.39807466578607
6.17265828253631 6.98915557352464
6.1992645682369 6.38908899541674
6.22587085393749 5.63390266790237
6.25247713963807 4.76893930989103
6.27908342533866 3.84613421477986
6.30568971103925 2.92089691408101
6.33229599673984 2.04878413037509
6.35890228244042 1.28216377466233
6.38550856814101 0.667070288528903
6.4121148538416 0.240440151682263
6.43872113954219 0.0278935590032301
6.46532742524278 0.0421954875384418
6.49193371094336 0.282488590437613
6.51853999664395 0.734344019666822
6.54514628234454 1.37062717374253
6.57175256804513 2.15312643853614
6.59835885374571 3.0348471757265
6.6249651394463 3.96283326526609
6.65157142514689 4.88134682390228
6.67817771084748 5.73521520406899
6.70478399654807 6.47314431888026
6.73139028224865 7.05079934426344
6.75799656794924 7.43346779906036
6.78460285364983 7.59814506175334
6.81120913935042 7.53491704499991
6.837815425051 7.24755693633827
6.86442171075159 6.75330009330606
6.89102799645218 6.08181052189426
6.91763428215277 5.27340090683685
6.94424056785336 4.3766129866062
6.97084685355394 3.44530348375481
6.99745313925453 2.53541050532576
7.02405942495512 1.70159453419179
7.05066571065571 0.993955686111178
7.07727199635629 0.455024354101963
7.10387828205688 0.117205973269507
7.13048456775747 0.000833397830311997
7.15709085345806 0.112943921745583
7.18369713915865 0.446845496792263
7.21030342485923 0.982473768300699
7.23690971055982 1.68764528149739
7.26351599626041 2.52000079305023
7.290122281961 3.42954997222093
7.31672856766158 4.36167389112866
7.34333485336217 5.26040498396708
7.36994113906276 6.07178752364684
7.39654742476335 6.74711685807004
7.42315371046393 7.24586295396266
7.44975999616452 7.53810277374089
7.47636628186511 7.60631551959398
7.5029725675657 7.44643304618957
7.52957885326629 7.0680824710119
7.55618513896687 6.49400651369912
7.58279142466746 5.75869646096578
7.60939771036805 4.90631991843481
7.63600399606864 3.98806783802524
7.66261028176922 3.05908015918445
7.68921656746981 2.17513468306235
7.7158228531704 1.38929799412369
7.74242913887099 0.748739502654229
7.76903542457158 0.291899869670265
7.79564171027216 0.0461837829911957
7.82224799597275 0.0263155588660624
7.84885428167334 0.233456238987856
7.87546056737393 0.655135128079823
7.90206685307451 1.26599981775964
7.9286731387751 2.02933960370606
7.95527942447569 2.89929077503883
7.98188571017628 3.82359132413749
8.00849199587686 4.74671964855394
8.03509828157745 5.61322877329396
8.06170456727804 6.37107589425639
8.08831085297863 6.97474733539756
8.11491713867922 7.38799130508791
8.1415234243798 7.58599439261652
8.16812971008039 7.55687114931972
8.19473599578098 7.30237734471792
8.22134228148157 6.8378041000191
8.24794856718215 6.19105928104662
8.27455485288274 5.40099132769246
8.30116113858333 4.515056178182
8.32776742428392 3.58646738356252
8.35437370998451 2.67100053357111
8.38097999568509 1.82364386704032
8.40758628138568 1.09529617264806
8.43419256708627 0.52971024500043
8.46079885278686 0.160865417397254
8.48740513848744 0.0109269313181867
8.51401142418803 0.0889146702031807
8.54061770988862 0.390161196543171
8.56722399558921 0.896591643285277
8.5938302812898 1.5778086678529
8.62043656699038 2.39291734180974
8.64704285269097 3.29298042304515
8.67364913839156 4.22395660739861
8.70025542409215 5.12994535523459
8.72686170979273 5.95654347686477
8.75346799549332 6.65411194448173
8.78007428119391 7.18075678096934
8.8066805668945 7.50484503486729
8.83328685259509 7.60690475623417
8.85989313829567 7.48079486537162
8.88649942399626 7.13407463589077
8.91310570969685 6.58755056453467
8.93971199539744 5.87402778808701
8.96631828109802 5.03634096776674
8.99292456679861 4.12478282645118
9.0195308524992 3.19408469628746
9.04613713819979 2.30013034175896
9.07274342390038 1.49660035010729
9.09934970960096 0.831748564266338
9.12595599530155 0.345504121143377
9.15256228100214 0.0670731242613275
9.17916856670273 0.0131839962172197
9.20577485240331 0.187081922266851
9.2323811381039 0.578332830218809
9.25898742380449 1.16344875262836
9.28559370950508 1.90729710227837
9.31219999520567 2.76520932161891
9.33880628090625 3.68566236724501
9.36541256660684 4.6133720835432
9.39201885230743 5.49261277172094
9.41862513800802 6.27056365832073
9.4452314237086 6.90048132885642
9.47183770940919 7.34450761714257
9.49844399510978 7.5759443048059
9.52505028081037 7.58085797718966
9.55165656651095 7.35651647951778
9.57826285221154 6.91653680857586
9.60486913791213 6.28984401618226
9.63147542361272 5.51409348650149
9.65808170931331 4.6358838065787
9.68468799501389 3.70795769130746
9.71129428071448 2.78603443770598
9.73790056641507 1.92546412381131
9.76450685211566 1.17790444262476
9.79111313781624 0.588219675940245
9.81771942351683 0.191787951296512
9.84432570921742 0.0123783912753891
9.87093199491801 0.060725531989404
9.8975382806186 0.33388651288667
9.92414456631918 0.81541953745155
9.95075085201977 1.47637279600739
9.97735713772036 2.27702438773693
10.0039634234209 3.16926869974184
