0 7.59375
0.029932071413161 7.30660689086554
0.059864142826322 6.7542019365821
0.0897962142394829 5.97856492479449
0.119728285652644 5.03867645033691
0.149660357065805 4.00598302926797
0.179592428478966 2.95896603437165
0.209524499892127 1.97717725436162
0.239456571305288 1.1351943184518
0.269388642718449 0.496955229726815
0.29932071413161 0.110902365304602
0.329252785544771 0.00630472899447863
0.359184856957932 0.191037665723967
0.389116928371093 0.650988475412563
0.419048999784254 1.35113281496324
0.448981071197415 2.23819983755939
0.478913142610575 3.24472333151987
0.508845214023737 4.29417085324873
0.538777285436898 5.3067609944787
0.568709356850059 6.20552669769106
0.59864142826322 6.92216389863729
0.628573499676381 7.40222114259805
0.658505571089542 7.60923594378144
0.688437642502703 7.52750372363946
0.718369713915864 7.16326908836852
0.748301785329025 6.54424909136463
0.778233856742186 5.71752486425209
0.808165928155347 4.74596196199766
0.838097999568508 3.70343153700619
0.868030070981669 2.66919554437292
0.89796214239483 1.72188266775933
0.927894213807991 0.933512721822564
0.957826285221152 0.364023574984294
0.987758356634313 0.0567164297781603
1.01769042804747 0.0349655014998064
1.04762249946063 0.300442053307124
1.0775545708738 0.832987677663377
1.10748664228696 1.59214640233387
1.13741871370012 2.52023916405885
1.16735078511328 3.54674700917647
1.19728285652644 4.59366994985895
1.2272149279396 5.58145428044546
1.25714699935276 6.43503797129681
1.28707907076592 7.08955478817929
1.31701114217908 7.49526371460126
1.34694321359224 7.62132911291521
1.37687528500541 7.45816437607911
1.40680735641857 7.01816096266323
1.43673942783173 6.33474738194266
1.46667149924489 5.45984958446622
1.49660357065805 4.45994567673547
1.52653564207121 3.41101468882718
1.55646771348437 2.3927631660388
1.58639978489753 1.48256824428907
1.61633185631069 0.749597432820788
1.64626392772385 0.2495519268288
1.67619599913702 0.0204329231095772
1.70612807055018 0.0796527088325005
1.73606014196334 0.422710138259237
1.7659922133765 1.02353126382892
1.79592428478966 1.83644937430984
1.82585635620282 2.79967412453379
1.85578842761598 3.83998628242477
1.88572049902914 4.87830146756062
1.9156525704423 5.83568019022835
1.94558464185546 6.63932754275512
1.97551671326863 7.22812662908385
2.00544878468179 7.55728519225472
2.03538085609495 7.60174222931174
2.06531292750811 7.3580755578874
2.09524499892127 6.84476516705772
2.12517707033443 6.10079209872985
2.15510914174759 5.182679076288
2.18504121316075 4.16019751634915
2.21497328457391 3.1110669293775
2.24490535598707 2.11504933152771
2.27483742740023 1.247887328638
2.30476949881339 0.575546491002296
2.33470157022656 0.149199600117925
2.36463364163972 0.00133406009503719
2.39456571305288 0.14327849722241
2.42449778446604 0.564320741463807
2.4544298558792 1.23244185017071
2.48436192729236 2.09683732547427
2.51429399870552 3.09179775441793
2.54422607011868 4.14170441420974
2.57415814153184 5.16677675578826
2.604090212945 6.0891349618695
2.63402228435816 6.83871692677334
2.66395435577132 7.3586001538918
2.69388642718449 7.60932435915582
2.72381849859765 7.57188655856979
2.75375057001081 7.24918132714209
2.78368264142397 6.66577707593071
2.81361471283713 5.86604562511105
2.84354678425029 4.91078744882327
2.87347885566345 3.87260922975484
2.90341092707661 2.83040511015824
2.93334299848977 1.86336106696889
2.96327506990293 1.04493800723326
2.99320714131609 0.437290733196168
3.02313921272925 0.0865467508124269
3.05307128414241 0.0193035157472365
3.08300335555558 0.240610097564239
3.11293542696874 0.733586434244567
3.1428674983819 1.46070891709994
3.17279956979506 2.36666444417084
3.20273164120822 3.38255592580395
3.23266371262138 4.43113957007677
3.26259578403454 5.43269591481044
3.2925278554477 6.31108845765942
3.32245992686086 6.99954951879314
3.35239199827402 7.44575372936845
3.38232406968718 7.6157936938538
3.41225614110034 7.49675580911761
3.4421882125135 7.09770059795998
3.47212028392667 6.44897314718569
3.50205235533983 5.59989611993564
3.53198442675299 4.61502069982906
3.56191649816615 3.56922038516733
3.59184856957931 2.54200046237517
3.62178064099247 1.61145557121292
3.65171271240563 0.848334504321221
3.68164478381879 0.310663230338713
3.71157685523195 0.0393347130409996
3.74150892664511 0.0550006413363774
3.77144099805827 0.356501267132656
3.80137306947143 0.920952684730377
3.8313051408846 1.70548495442215
3.86123721229776 2.65049904120826
3.89116928371092 3.68419513601556
3.92110135512408 4.72802831896517
3.95103342653724 5.70267705191533
3.9809654979504 6.53407100538342
4.01089756936356 7.15902019572503
4.04082964077672 7.53001767771196
4.07076171218988 7.61885080752383
4.10069378360304 7.4187465947237
4.1306258550162 6.94488802501946
4.16055792642937 6.23326199947199
4.19048999784253 5.33792629866142
4.22042206925569 4.32690311204224
4.25035414066885 3.27701104619006
4.28028621208201 2.26802821011338
4.31021828349517 1.37662983940424
4.34015035490833 0.670561096701375
4.37008242632149 0.203487865496368
4.40001449773466 0.0109168879069817
4.42994656914782 0.107495390980825
4.45987864056098 0.485895566362519
4.48981071197414 1.11736887229406
4.5197427833873 1.95392825974597
4.54967485480046 2.93199272359378
4.57960692621362 3.97721744349905
4.60953899762678 5.01014265265068
4.63947106903995 5.95223210603534
4.66940314045311 6.73184234824706
4.69933521186627 7.2896691633855
4.72926728327943 7.58325723825733
4.75919935469259 7.59023017841752
4.78913142610575 7.30660689086555
4.81906349751891 6.75420193658212
4.84899556893207 5.97856492479451
4.87892764034524 5.03867645033693
4.9088597117584 4.005983029268
4.93879178317156 2.95896603437168
4.96872385458472 1.97717725436165
4.99865592599788 1.13519431845182
5.02858799741104 0.49695522972683
5.0585200688242 0.11090236530461
5.08845214023736 0.00630472899447734
5.11838421165053 0.191037665723957
5.14831628306369 0.650988475412546
5.17824835447685 1.35113281496322
5.20818042589001 2.23819983755936
5.23811249730317 3.24472333151985
5.26804456871633 4.2941708532487
5.29797664012949 5.30676099447867
5.32790871154265 6.20552669769104
5.35784078295582 6.92216389863727
5.38777285436898 7.40222114259804
5.41770492578214 7.60923594378144
5.4476369971953 7.52750372363947
5.47756906860846 7.16326908836854
5.50750114002162 6.54424909136465
5.53743321143478 5.71752486425211
5.56736528284794 4.7459619619977
5.59729735426111 3.70343153700622
5.62722942567427 2.66919554437294
5.65716149708743 1.72188266775936
5.68709356850059 0.933512721822584
5.71702563991375 0.364023574984306
5.74695771132691 0.0567164297781647
5.77688978274007 0.0349655014998028
5.80682185415323 0.300442053307112
5.83675392556639 0.83298767766336
5.86668599697956 1.59214640233385
5.89661806839272 2.52023916405882
5.92655013980588 3.54674700917644
5.95648221121904 4.59366994985892
5.9864142826322 5.58145428044544
6.01634635404536 6.43503797129679
6.04627842545852 7.08955478817928
6.07621049687168 7.49526371460125
6.10614256828485 7.62132911291522
6.13607463969801 7.45816437607912
6.16600671111117 7.01816096266325
6.19593878252433 6.33474738194269
6.22587085393749 5.45984958446625
6.25580292535065 4.45994567673549
6.28573499676381 3.41101468882721
6.31566706817697 2.39276316603883
6.34559913959014 1.48256824428909
6.3755312110033 0.749597432820803
6.40546328241646 0.249551926828809
6.43539535382962 0.0204329231095785
6.46532742524278 0.0796527088324942
6.49525949665594 0.422710138259224
6.5251915680691 1.0235312638289
6.55512363948226 1.83644937430981
6.58505571089543 2.79967412453377
6.61498778230859 3.83998628242475
6.64491985372175 4.8783014675606
6.67485192513491 5.83568019022833
6.70478399654807 6.6393275427551
6.73471606796123 7.22812662908385
6.76464813937439 7.55728519225472
6.79458021078755 7.60174222931175
6.82451228220072 7.35807555788741
6.85444435361388 6.84476516705775
6.88437642502704 6.10079209872988
6.9143084964402 5.18267907628803
6.94424056785336 4.16019751634918
6.97417263926652 3.11106692937753
7.00410471067968 2.11504933152774
7.03403678209284 1.24788732863802
7.06396885350601 0.57554649100231
7.09390092491917 0.149199600117932
7.12383299633233 0.00133406009503644
7.15376506774549 0.143278497222402
7.18369713915865 0.564320741463791
7.21362921057181 1.23244185017069
7.24356128198497 2.09683732547425
7.27349335339813 3.0917977544179
7.3034254248113 4.14170441420971
7.33335749622446 5.16677675578823
7.36328956763762 6.08913496186948
7.39322163905078 6.83871692677332
7.42315371046394 7.35860015389179
7.4530857818771 7.60932435915582
7.48301785329026 7.5718865585698
7.51294992470342 7.2491813271421
7.54288199611659 6.66577707593072
7.57281406752975 5.86604562511107
7.60274613894291 4.91078744882329
7.63267821035607 3.87260922975487
7.66261028176923 2.83040511015826
7.69254235318239 1.86336106696891
7.72247442459555 1.04493800723327
7.75240649600871 0.437290733196177
7.78233856742188 0.0865467508124302
7.81227063883504 0.0193035157472337
7.8422027102482 0.240610097564231
7.87213478166136 0.733586434244554
7.90206685307452 1.46070891709992
7.93199892448768 2.36666444417082
7.96193099590084 3.38255592580393
7.991863067314 4.43113957007676
8.02179513872716 5.43269591481042
8.05172721014032 6.31108845765941
8.08165928155348 6.99954951879313
8.11159135296665 7.44575372936845
8.14152342437981 7.6157936938538
8.17145549579297 7.49675580911761
8.20138756720613 7.09770059795999
8.23131963861929 6.4489731471857
8.26125171003245 5.59989611993566
8.29118378144561 4.61502069982908
8.32111585285877 3.56922038516735
8.35104792427193 2.54200046237519
8.38097999568509 1.61145557121293
8.41091206709825 0.848334504321232
8.44084413851141 0.310663230338719
8.47077620992457 0.0393347130410007
8.50070828133773 0.0550006413363731
8.53064035275089 0.356501267132647
8.56057242416405 0.920952684730363
8.59050449557721 1.70548495442213
8.62043656699037 2.65049904120824
8.65036863840353 3.68419513601555
8.68030070981669 4.72802831896515
8.71023278122985 5.70267705191531
8.74016485264301 6.5340710053834
8.77009692405617 7.15902019572502
8.80002899546933 7.53001767771196
8.82996106688249 7.61885080752384
8.85989313829565 7.4187465947237
8.88982520970881 6.94488802501948
8.91975728112197 6.233261999472
8.94968935253513 5.33792629866144
8.97962142394829 4.32690311204226
9.00955349536146 3.27701104619008
9.03948556677462 2.26802821011339
9.06941763818778 1.37662983940425
9.09934970960094 0.670561096701385
9.1292817810141 0.203487865496374
9.15921385242726 0.010916887906982
9.18914592384042 0.107495390980821
9.21907799525358 0.485895566362509
9.24901006666674 1.11736887229405
9.2789421380799 1.95392825974595
9.30887420949306 2.93199272359376
9.33880628090622 3.97721744349904
9.36873835231938 5.01014265265066
9.39867042373254 5.95223210603533
9.4286024951457 6.73184234824705
9.45853456655886 7.2896691633855
9.48846663797202 7.58325723825733
9.51839870938518 7.59023017841753
9.54833078079834 7.30660689086557
9.5782628522115 6.75420193658214
9.60819492362466 5.97856492479453
9.63812699503782 5.03867645033696
9.66805906645098 4.00598302926802
9.69799113786414 2.9589660343717
9.7279232092773 1.97717725436166
9.75785528069046 1.13519431845183
9.78778735210362 0.49695522972684
9.81771942351678 0.110902365304614
9.84765149492994 0.00630472899447642
9.87758356634311 0.191037665723951
9.90751563775627 0.650988475412535
9.93744770916943 1.3511328149632
9.96737978058259 2.23819983755934
9.99731185199575 3.24472333151983
