0 7.5625
0.0199547142754407 7.43510233754025
0.0399094285508813 7.1846167722337
0.059864142826322 6.81950831080584
0.0798188571017626 6.35211114926563
0.0997735713772033 5.79821201019068
0.119728285652644 5.17651694956811
0.139682999928085 4.50801964059979
0.159637714203525 3.81529246673012
0.179592428478966 3.12172436068593
0.199547142754407 2.4507311226582
0.219501857029847 1.82496487831122
0.239456571305288 1.26554936481683
0.259411285580729 0.791366859700749
0.279365999856169 0.418420822487016
0.29932071413161 0.159295761880846
0.31927542840705 0.0227325579056456
0.339230142682491 0.0133335698770082
0.359184856957932 0.131407478987376
0.379139571233372 0.372959096537705
0.399094285508813 0.729824474757558
0.419048999784254 1.18994675191842
0.439003714059694 1.73778341265097
0.458958428335135 2.35483120838916
0.478913142610576 3.0202510114119
0.498867856886016 3.71157150307983
0.518822571161457 4.40544793640219
0.538777285436898 5.07845035479498
0.558731999712338 5.70785465550558
0.578686713987779 6.27240979117844
0.59864142826322 6.75305520959611
0.61859614253866 7.13356431248796
0.638550856814101 7.40109221268561
0.658505571089541 7.54660930045137
0.678460285364982 7.56520598540392
0.698414999640423 7.45625832993934
0.718369713915863 7.22344898655607
0.738324428191304 6.87464273648773
0.758279142466744 6.42162083562037
0.778233856742185 5.8796831401211
0.798188571017626 5.26713144763516
0.818143285293066 4.60465149965407
0.838097999568507 3.91461451137279
0.858052713843947 3.22032181157812
0.878007428119388 2.54521809516963
0.897962142394829 1.91209985000762
0.917916856670269 1.34234568217757
0.93787157094571 0.855194523990951
0.95782628522115 0.467096092099114
0.977780999496591 0.191155523576906
0.997735713772032 0.0366909381029274
1.01769042804747 0.00891886177222194
1.03764514232291 0.108778131337908
1.05759985659835 0.332898222518354
1.07755457087379 0.673713070251556
1.09750928514923 1.11971653702338
1.11746399942468 1.65585090344955
1.13741871370012 2.26401526457821
1.15737342797556 2.92367666749257
1.177328142251 3.61256335737623
1.19728285652644 4.30741672733762
1.21723757080188 4.98477658554444
1.23719228507732 5.62177322848832
1.25714699935276 6.19689957945242
1.2771017136282 6.69073732424275
1.29705642790364 7.08661252925101
1.31701114217908 7.37115860751626
1.33696585645452 7.53476762628409
1.35692057072996 7.57191471903832
1.3768752850054 7.48134464885711
1.39682999928084 7.2661142236094
1.41678471355628 6.93348912986763
1.43673942783172 6.49469866718937
1.45669414210717 5.96455666170659
1.47664885638261 5.36096135580683
1.49660357065805 4.70429115658349
1.51655828493349 4.01671664173469
1.53651299920893 3.32145204900446
1.55646771348437 2.64197151862789
1.57642242775981 2.00121654857406
1.59637714203525 1.42082141947879
1.61633185631069 0.92038273998088
1.63628657058613 0.516797774166421
1.65624128486157 0.22369389123556
1.67619599913701 0.0509684016900585
1.69615071341245 0.00445431811497788
1.71610542768789 0.0857233277692558
1.73606014196333 0.29203263219547
1.75601485623877 0.616417452266471
1.77596957051421 1.04792607945525
1.79592428478966 1.571989541652
1.8158789990651 2.17091340702059
1.83583371334054 2.82447512561733
1.85578842761598 3.51060674501122
1.87574314189142 4.20613995325884
1.89569785616686 4.8875882976425
1.9156525704423 5.53194017165967
1.93560728471774 6.11743579828268
1.95556199899318 6.62430197682467
1.97551671326862 7.03541978567654
1.99547142754406 7.33690269565141
2.0154261418195 7.51856557234222
2.03538085609494 7.57426872872161
2.05533557037038 7.50212540689268
2.07529028464582 7.30456567807625
2.09524499892127 6.98825459697965
2.11519971319671 6.56386736701842
2.13515442747215 6.04572910035597
2.15510914174759 5.45133132841727
2.17506385602303 4.80074158007672
2.19501857029847 4.11592595561162
2.21497328457391 3.42000756282797
2.23492799884935 2.73648584827758
2.25488271312479 2.08844317801916
2.27483742740023 1.49776545427347
2.29479214167567 0.984403081956155
2.31474685595111 0.565697238339568
2.33470157022656 0.255794195881795
2.354656284502 0.0651674768970906
2.37461099877744 0.000263979489807501
2.39456571305288 0.0632860298492118
2.41452042732832 0.252114564757427
2.43447514160376 0.560369884437102
2.4544298558792 0.977638345596966
2.47438457015464 1.48982639056325
2.49433928443008 2.07963658878324
2.51429399870552 2.72715181184046
2.53424871298096 3.41050781392601
2.5542034272564 4.10663150653402
2.57415814153185 4.79201999982277
2.59411285580729 5.44353410837299
2.61406757008273 6.03917953233746
2.63402228435817 6.55884934258892
2.65397699863361 6.98500270628749
2.67393171290905 7.30325694310775
2.69388642718449 7.50287292943711
2.71384114145993 7.57711746933263
2.73379585573537 7.52349040529406
2.75375057001081 7.34380880871554
2.77370528428625 7.04414541503603
2.79365999856169 6.63462338922823
2.81361471283713 6.12907435723766
2.83356942711258 5.54457125459587
2.85352414138802 4.90085176888631
2.87347885566346 4.21965184542104
2.8934335699389 3.52397176076168
2.91338828421434 2.83729954415823
2.93334299848978 2.18281796580428
2.95329771276522 1.58262186448376
2.97325242704066 1.05697223705575
2.9932071413161 0.623612270147152
3.01316185559154 0.297168402359818
3.03311656986698 0.0886566339017692
3.05307128414242 0.00511074678000916
3.07302599841787 0.04934498253216
3.09298071269331 0.219859184894189
3.11293542696875 0.510889605057735
3.13289014124419 0.912603649633794
3.15284485551963 1.41143199211413
3.17279956979507 1.99052683154213
3.19275428407051 2.63033082379845
3.21270899834595 3.3092374751108
3.23266371262139 4.00432070020763
3.25261842689683 4.6921089131493
3.27257314117227 5.34937751607251
3.29252785544771 5.95393303058384
3.31248256972316 6.48536239926327
3.3324372839986 6.92572216112582
3.35239199827404 7.26014423520804
3.37234671254948 7.47733786214362
3.39230142682492 7.56997075960218
3.41225614110036 7.53491662542476
3.4322108553758 7.37336063452626
3.45216556965124 7.09075936982366
3.47212028392668 6.69665654174445
3.49207499820212 6.20436071937886
3.51202971247756 5.63049595471244
3.531984426753 4.99444047236227
3.55193914102845 4.31767237598888
3.57189385530389 3.62304446151164
3.59184856957933 2.934012620459
3.61180328385477 2.27384388345165
3.63175799813021 1.66483084106533
3.65171271240565 1.12753896395237
3.67166742668109 0.68011223339175
3.69162214095653 0.337660524881685
3.71157685523197 0.111749427441163
3.73153156950741 0.0100097231167445
3.75148628378285 0.0358797115360513
3.77144099805829 0.188489079578211
3.79139571233374 0.462688237737306
3.81135042660918 0.849222133847227
3.83130514088462 1.33504267729531
3.85125985516006 1.90374922733246
3.8712145694355 2.53614227556061
3.89116928371094 3.21087163109996
3.91112399798638 3.90515722632114
3.93107871226182 4.59555820908688
3.95103342653726 5.25876435696415
3.9709881408127 5.8723830948942
3.99094285508814 6.41569554580918
4.01089756936358 6.87035608867739
4.03085228363902 7.22101180518398
4.05080699791447 7.45582090035613
4.07076171218991 7.56685259265442
4.09071642646535 7.55035497026487
4.11067114074079 7.40688176748079
4.13062585501623 7.1412737777053
4.15058056929167 6.76249552696425
4.17053528356711 6.28333271823703
4.19048999784255 5.71996065743366
4.21044471211799 5.09139822778558
4.23039942639343 4.41886584371848
4.25035414066887 3.72506905747327
4.27030885494431 3.03343200236818
4.29026356921976 2.36730655087454
4.3102182834952 1.74918388639156
4.33017299777064 1.19993510701516
4.35012771204608 0.738106500396063
4.37008242632152 0.379293283994671
4.39003714059696 0.135612956913372
4.4099918548724 0.0152960473841952
4.42994656914784 0.0224080773845958
4.44990128342328 0.156712136491557
4.46985599769872 0.41367671047306
4.48981071197416 0.784628506479435
4.5097654262496 1.25704512156599
4.52972014052505 1.81497767990312
4.54967485480049 2.43958917580335
4.56962956907593 3.10979035276925
4.58958428335137 3.80295165505501
4.60953899762681 4.49566721895577
4.62949371190225 5.16454511296194
4.64944842617769 5.7869971484298
4.66940314045313 6.3420015955288
4.68935785472857 6.81081305253434
4.70931256900401 7.17759549925707
4.72926728327945 7.42995715740302
4.74922199755489 7.55936909448456
4.76917671183033 7.56145343172274
4.78913142610578 7.43510233754024
4.80908614038122 7.18461677223369
4.82904085465666 6.81950831080583
4.8489955689321 6.35211114926562
4.86895028320754 5.79821201019069
4.88890499748298 5.17651694956812
4.90885971175842 4.50801964059981
4.92881442603386 3.81529246673013
4.9487691403093 3.12172436068594
4.96872385458474 2.45073112265822
4.98867856886018 1.82496487831123
5.00863328313562 1.26554936481684
5.02858799741107 0.791366859700759
5.04854271168651 0.418420822487024
5.06849742596195 0.159295761880852
5.08845214023739 0.0227325579056485
5.10840685451283 0.013333569877008
5.12836156878827 0.131407478987372
5.14831628306371 0.372959096537698
5.16827099733915 0.729824474757548
5.18822571161459 1.1899467519184
5.20818042589003 1.73778341265095
5.22813514016547 2.35483120838914
5.24808985444091 3.02025101141187
5.26804456871636 3.71157150307981
5.2879992829918 4.40544793640217
5.30795399726724 5.07845035479496
5.32790871154268 5.70785465550556
5.34786342581812 6.27240979117842
5.36781814009356 6.75305520959609
5.387772854369 7.13356431248794
5.40772756864444 7.40109221268559
5.42768228291988 7.54660930045137
5.44763699719532 7.56520598540391
5.46759171147076 7.45625832993933
5.4875464257462 7.22344898655607
5.50750114002165 6.87464273648773
5.52745585429709 6.42162083562037
5.54741056857253 5.8796831401211
5.56736528284797 5.26713144763516
5.58731999712341 4.60465149965409
5.60727471139885 3.9146145113728
5.62722942567429 3.22032181157814
5.64718413994973 2.54521809516964
5.66713885422517 1.91209985000764
5.68709356850061 1.34234568217758
5.70704828277605 0.855194523990963
5.72700299705149 0.467096092099123
5.74695771132694 0.191155523576912
5.76691242560238 0.0366909381029308
5.78686713987782 0.00891886177222201
5.80682185415326 0.108778131337905
5.8267765684287 0.332898222518347
5.84673128270414 0.673713070251546
5.86668599697958 1.11971653702336
5.88664071125502 1.65585090344953
5.90659542553046 2.26401526457819
5.9265501398059 2.92367666749255
5.94650485408134 3.6125633573762
5.96645956835678 4.30741672733759
5.98641428263223 4.98477658554441
6.00636899690767 5.62177322848829
6.02632371118311 6.19689957945239
6.04627842545855 6.69073732424272
6.06623313973399 7.08661252925098
6.08618785400943 7.37115860751624
6.10614256828487 7.53476762628406
6.12609728256031 7.57191471903831
6.14605199683575 7.48134464885709
6.16600671111119 7.26611422360939
6.18596142538663 6.93348912986761
6.20591613966207 6.49469866718937
6.22587085393751 5.96455666170658
6.24582556821296 5.36096135580682
6.2657802824884 4.70429115658348
6.28573499676384 4.01671664173469
6.30568971103928 3.32145204900446
6.32564442531472 2.64197151862789
6.34559913959016 2.00121654857406
6.3655538538656 1.42082141947879
6.38550856814104 0.920382739980881
6.40546328241648 0.516797774166422
6.42541799669192 0.223693891235561
6.44537271096736 0.0509684016900588
6.4653274252428 0.0044543181149775
6.48528213951825 0.0857233277692545
6.50523685379369 0.292032632195468
6.52519156806913 0.616417452266468
6.54514628234457 1.04792607945524
6.56510099662001 1.571989541652
6.58505571089545 2.17091340702058
6.60501042517089 2.82447512561733
6.62496513944633 3.51060674501121
6.64491985372177 4.20613995325883
6.66487456799721 4.88758829764249
6.68482928227265 5.53194017165966
6.70478399654809 6.11743579828266
6.72473871082354 6.62430197682466
6.74469342509898 7.03541978567653
6.76464813937442 7.3369026956514
6.78460285364986 7.51856557234221
6.8045575679253 7.5742687287216
6.82451228220074 7.50212540689267
6.84446699647618 7.30456567807625
6.86442171075162 6.98825459697964
6.88437642502706 6.56386736701841
6.9043311393025 6.04572910035597
6.92428585357794 5.45133132841727
6.94424056785338 4.80074158007671
6.96419528212883 4.11592595561161
6.98414999640427 3.42000756282797
7.00410471067971 2.73648584827758
7.02405942495515 2.08844317801916
7.04401413923059 1.49776545427347
7.06396885350603 0.984403081956155
7.08392356778147 0.565697238339568
7.10387828205691 0.255794195881795
7.12383299633235 0.0651674768970903
7.14378771060779 0.000263979489806889
7.16374242488323 0.0632860298492108
7.18369713915867 0.252114564757426
7.20365185343412 0.5603698844371
7.22360656770956 0.977638345596962
7.243561281985 1.48982639056325
7.26351599626044 2.07963658878323
7.28347071053588 2.72715181184046
7.30342542481132 3.410507813926
7.32338013908676 4.10663150653401
7.3433348533622 4.79201999982276
7.36328956763764 5.44353410837298
7.38324428191308 6.03917953233745
7.40319899618852 6.55884934258891
7.42315371046396 6.98500270628748
7.44310842473941 7.30325694310774
7.46306313901485 7.5028729294371
7.48301785329029 7.57711746933261
7.50297256756573 7.52349040529405
7.52292728184117 7.34380880871552
7.54288199611661 7.04414541503602
7.56283671039205 6.63462338922822
7.58279142466749 6.12907435723765
7.60274613894293 5.54457125459586
7.62270085321837 4.9008517688863
7.64265556749381 4.21965184542103
7.66261028176925 3.52397176076168
7.68256499604469 2.83729954415822
7.70251971032014 2.18281796580427
7.72247442459558 1.58262186448376
7.74242913887102 1.05697223705575
7.76238385314646 0.623612270147148
7.7823385674219 0.297168402359816
7.80229328169734 0.0886566339017676
7.82224799597278 0.00511074678000852
7.84220271024822 0.0493449825321602
7.86215742452366 0.21985918489419
7.8821121387991 0.510889605057737
7.90206685307454 0.912603649633796
7.92202156734998 1.41143199211413
7.94197628162543 1.99052683154213
7.96193099590087 2.63033082379845
7.98188571017631 3.3092374751108
8.00184042445175 4.00432070020763
8.02179513872719 4.6921089131493
8.04174985300263 5.34937751607251
8.06170456727807 5.95393303058384
8.08165928155351 6.48536239926328
8.10161399582895 6.92572216112581
8.12156871010439 7.26014423520804
8.14152342437983 7.47733786214362
8.16147813865527 7.56997075960218
8.18143285293072 7.53491662542477
8.20138756720616 7.37336063452626
8.2213422814816 7.09075936982366
8.24129699575704 6.69665654174445
8.26125171003248 6.20436071937886
8.28120642430792 5.63049595471244
8.30116113858336 4.99444047236227
8.3211158528588 4.31767237598887
8.34107056713424 3.62304446151164
8.36102528140968 2.934012620459
8.38097999568512 2.27384388345165
8.40093470996056 1.66483084106533
8.42088942423601 1.12753896395236
8.44084413851145 0.680112233391749
8.46079885278689 0.337660524881684
8.48075356706233 0.111749427441162
8.50070828133777 0.010009723116744
8.52066299561321 0.0358797115360508
8.54061770988865 0.188489079578211
8.56057242416409 0.462688237737306
8.58052713843953 0.849222133847226
8.60048185271497 1.33504267729531
8.62043656699041 1.90374922733246
8.64039128126585 2.53614227556061
8.6603459955413 3.21087163109996
8.68030070981674 3.90515722632114
8.70025542409218 4.59555820908688
8.72021013836762 5.25876435696415
8.74016485264306 5.8723830948942
8.7601195669185 6.41569554580917
8.78007428119394 6.87035608867739
8.80002899546938 7.22101180518398
8.81998370974482 7.45582090035612
8.83993842402026 7.56685259265442
8.8598931382957 7.55035497026487
8.87984785257114 7.40688176748079
8.89980256684658 7.14127377770529
8.91975728112203 6.76249552696424
8.93971199539747 6.28333271823702
8.95966670967291 5.71996065743365
8.97962142394835 5.09139822778557
8.99957613822379 4.41886584371847
9.01953085249923 3.72506905747327
9.03948556677467 3.03343200236817
9.05944028105011 2.36730655087453
9.07939499532555 1.74918388639155
9.09934970960099 1.19993510701516
9.11930442387643 0.738106500396058
9.13925913815187 0.379293283994668
9.15921385242732 0.13561295691337
9.17916856670276 0.0152960473841945
9.1991232809782 0.0224080773845967
9.21907799525364 0.156712136491559
9.23903270952908 0.413676710473063
9.25898742380452 0.784628506479441
9.27894213807996 1.25704512156599
9.2988968523554 1.81497767990312
9.31885156663084 2.43958917580336
9.33880628090628 3.10979035276926
9.35876099518172 3.80295165505502
9.37871570945716 4.49566721895578
9.39867042373261 5.16454511296195
9.41862513800805 5.7869971484298
9.43857985228349 6.34200159552881
9.45853456655893 6.81081305253434
9.47848928083437 7.17759549925707
9.49844399510981 7.42995715740302
9.51839870938525 7.55936909448455
9.53835342366069 7.56145343172273
9.55830813793613 7.43510233754023
9.57826285221157 7.18461677223368
9.59821756648701 6.81950831080583
9.61817228076245 6.35211114926561
9.6381269950379 5.79821201019067
9.65808170931334 5.1765169495681
9.67803642358878 4.50801964059979
9.69799113786422 3.81529246673011
9.71794585213966 3.12172436068592
9.7379005664151 2.4507311226582
9.75785528069054 1.82496487831122
9.77780999496598 1.26554936481682
9.79776470924142 0.791366859700748
9.81771942351686 0.418420822487016
9.8376741377923 0.159295761880847
9.85762885206774 0.0227325579056468
9.87758356634319 0.0133335698770094
9.89753828061863 0.131407478987377
9.91749299489407 0.372959096537705
9.93744770916951 0.729824474757558
9.95740242344495 1.18994675191842
9.97735713772039 1.73778341265096
9.99731185199583 2.35483120838916
