0 7.51874999999999
0.0059864142826322 7.50736376113937
0.0119728285652644 7.48462579728279
0.0179592428478966 7.45060501014909
0.0239456571305288 7.40540448052301
0.029932071413161 7.34916115592919
0.0359184856957932 7.28204543571402
0.0419048999784254 7.20426065479291
0.0478913142610576 7.11604246762687
0.0538777285436898 7.01765813429462
0.059864142826322 6.90940571082326
0.0658505571089542 6.79161314623034
0.0718369713915864 6.6646372890127
0.0778233856742186 6.52886280609206
0.0838097999568507 6.38470101749216
0.0897962142394829 6.23258865027788
0.0957826285221151 6.07298651553098
0.101769042804747 5.9063781123705
0.10775545708738 5.73326816324681
0.113741871370012 5.55418108494641
0.119728285652644 5.36965939993927
0.125714699935276 5.18026209288145
0.131701114217908 4.98656291725164
0.13768752850054 4.78914865725133
0.143673942783173 4.58861735023406
0.149660357065805 4.38557647504845
0.155646771348437 4.18064111178306
0.161633185631069 3.97443207848802
0.167619599913701 3.76757405051756
0.173606014196334 3.56069366819083
0.179592428478966 3.35441763850325
0.185578842761598 3.14937083663894
0.19156525704423 2.94617441303534
0.197551671326862 2.74544391173419
0.203538085609495 2.54778740571893
0.209524499892127 2.35380365488716
0.215510914174759 2.16408029223804
0.221497328457391 1.97919204376923
0.227483742740023 1.7996989874758
0.233470157022656 1.62614485672488
0.239456571305288 1.45905539314579
0.24544298558792 1.29893675402495
0.251429399870552 1.14627397903002
0.257415814153184 1.00152952090793
0.263402228435817 0.865141844607628
0.269388642718449 0.737524099071158
0.275375057001081 0.619062865716351
0.281361471283713 0.510116987402399
0.287347885566345 0.411016481425481
0.293334299848977 0.322061539837215
0.29932071413161 0.243521620114123
0.305307128414242 0.175634628932611
0.311293542696874 0.118606201521918
0.317279956979506 0.0726090787779329
0.323266371262138 0.037782584024664
0.329252785544771 0.0142322010082489
0.335239199827403 0.00202925440175435
0.341225614110035 0.00121069378846169
0.347212028392667 0.0117789817778787
0.353198442675299 0.0337020865932642
0.359184856957932 0.0669135791529796
0.365171271240564 0.111312834351443
0.371157685523196 0.166765335929802
0.377144099805828 0.233103084012665
0.38313051408846 0.310125104076182
0.389116928371093 0.397598055805559
0.395103342653725 0.495256939997455
0.401089756936357 0.602805901365734
0.407076171218989 0.719919124818501
0.413062585501621 0.846241822491249
0.419048999784253 0.98139130854597
0.425035414066886 1.12495815848024
0.431021828349518 1.27650744943434
0.43700824263215 1.43558007773896
0.442994656914782 1.60169414971228
0.448981071197414 1.77434644149314
0.454967485480047 1.95301392348792
0.460953899762679 2.13715534481323
0.466940314045311 2.32621287293435
0.472926728327943 2.5196137835326
0.478913142610575 2.71677219548251
0.484899556893208 2.91709084568276
0.49088597117584 3.11996289836464
0.496872385458472 3.32477378339691
0.502858799741104 3.53090305801824
0.508845214023736 3.73772628635763
0.514831628306369 3.94461693104903
0.520818042589001 4.15094825120996
0.526804456871633 4.35609520103459
0.532790871154265 4.55943632324986
0.538777285436898 4.76035563169886
0.54476369971953 4.9582444773486
0.550750114002162 5.15250339206934
0.556736528284794 5.34254390460046
0.562722942567427 5.52779032320154
0.568709356850059 5.70768147958862
0.574695771132691 5.88167242887282
0.580682185415323 6.04923610035169
0.586668599697956 6.20986489415262
0.592655013980588 6.36307221889173
0.59864142826322 6.50839396569022
0.604627842545852 6.645389914083
0.610614256828485 6.7736450655608
0.616600671111117 6.89277090070615
0.622587085393749 7.002406556115
0.628573499676381 7.10221991753891
0.634559913959014 7.19190862593639
0.640546328241646 7.27120099338577
0.646532742524278 7.3398568260853
0.65251915680691 7.39766815194728
0.658505571089543 7.44445985058225
0.664491985372175 7.48009018376502
0.670478399654807 7.50445122477556
0.676464813937439 7.51746918531426
0.682451228220072 7.5191046390014
0.688437642502704 7.50935264078381
0.694424056785336 7.48824274188708
0.700410471067968 7.45583890026815
0.706396885350601 7.41223928683953
0.712383299633233 7.35757598805247
0.718369713915865 7.29201460573974
0.724356128198497 7.21575375543075
0.73034254248113 7.12902446465844
0.736328956763762 7.03208947308088
0.742315371046394 6.92524243653792
0.748301785329026 6.80880703745384
0.754288199611658 6.6831360042811
0.760274613894291 6.54861004295559
0.766261028176923 6.40563668360045
0.772247442459555 6.25464904597195
0.778233856742187 6.09610452738766
0.78422027102482 5.93048341711139
0.790206685307452 5.75828744139228
0.796193099590084 5.58003824356594
0.802179513872716 5.39627580382159
0.808165928155349 5.20755680342227
0.814152342437981 5.01445293833356
0.820138756720613 4.81754918736921
0.826125171003245 4.61744204010002
0.832111585285878 4.4147376898943
0.83809799956851 4.21005019756351
0.844084413851142 4.00399963117614
0.850070828133774 3.7972101876749
0.856057242416407 3.59030830198719
0.862043656699039 3.3839207493572
0.868030070981671 3.17867274664795
0.874016485264303 2.97518605836525
0.880002899546936 2.77407711314077
0.885989313829568 2.57595513638007
0.8919757281122 2.38142030473222
0.897962142394832 2.19106192797186
0.903948556677465 2.00545666380096
0.909934970960097 1.82516677097854
0.915921385242729 1.6507384060698
0.921907799525361 1.48269996897444
0.927894213807994 1.321560502246
0.933880628090626 1.16780814905112
0.939867042373258 1.02190867443999
0.94585345665589 0.884304054407424
0.951839870938523 0.755411137018758
0.957826285221155 0.635620379656346
0.963812699503787 0.525294666211843
0.969799113786419 0.424768207807347
0.975785528069052 0.334345530375425
0.981771942351684 0.254300552164859
0.987758356634316 0.184875753966622
0.993744770916948 0.126281444573669
0.999731185199581 0.0786951236996499
1.00571759948221 0.0422609442864082
1.01170401376484 0.0170892758290826
1.01769042804748 0.00325637004157736
1.02367684233011 0.000804129875178908
1.02966325661274 0.00973998258999623
1.03564967089537 0.0300368572637002
1.04163608517801 0.0616332668056672
1.04762249946064 0.104433494228054
1.05360891374327 0.158307882609513
1.0595953280259 0.223093227873128
1.06558174230854 0.298593273188724
1.07156815659117 0.384579303501821
1.0775545708738 0.480790838388224
1.08354098515643 0.586936421135364
1.08952739943906 0.702694501660011
1.0955138137217 0.827714410587728
1.10150022800433 0.961617421543285
1.10748664228696 1.10399789843402
1.11347305656959 1.25442452425069
1.11945947085223 1.41244160766337
1.12544588513486 1.5775704634544
1.13143229941749 1.74931086260655
1.13741871370012 1.92714254765369
1.14340512798275 2.11052680870356
1.14939154226539 2.29890811535832
1.15537795654802 2.4917157995894
1.16136437083065 2.6883657844686
1.16735078511328 2.88826235351875
1.17333719939592 3.090799955324
1.17932361367855 3.29536503793291
1.18531002796118 3.50133790749766
1.19129644224381 3.70809460551873
1.19728285652644 3.91500879900859
1.20326927080908 4.12145367784831
1.20925568509171 4.32680385358963
1.21524209937434 4.53043725395035
1.22122851365697 4.73173700726404
1.22721492793961 4.93009331117571
1.23320134222224 5.12490527992231
1.23918775650487 5.31558276460239
1.2451741707875 5.50154814092068
1.25116058507013 5.68223805899186
1.25714699935277 5.8571051499031
1.2631334136354 6.02561968386549
1.26911982791803 6.18727117493145
1.27510624220066 6.34156992741686
1.2810926564833 6.48804851934341
1.28707907076593 6.6262632184074
1.29306548504856 6.75579532618543
1.29905189933119 6.8762524465053
1.30503831361383 6.98726967413946
1.31102472789646 7.08851070022049
1.31701114217909 7.17966883102955
1.32299755646172 7.26046791707195
1.32898397074435 7.33066318962522
1.33497038502699 7.39004200222546
1.34095679930962 7.43842447484586
1.34694321359225 7.47566403881599
1.35292962787488 7.50164788083106
1.35891604215752 7.516297284706
1.36490245644015 7.51956786983938
1.37088887072278 7.51144972566436
1.37687528500541 7.49196744167965
1.38286169928804 7.4611800329694
1.38884811357068 7.41918076143755
1.39483452785331 7.3660968532982
1.40082094213594 7.3020891136778
1.40680735641857 7.22735143949658
1.41279377070121 7.14211023210479
1.41878018498384 7.04662371145308
1.42476659926647 6.94118113387447
1.4307530135491 6.82610191584758
1.43673942783173 6.70173466639535
1.44272584211437 6.56845613105043
1.448712256397 6.42667005058622
1.45469867067963 6.27680593797073
1.46068508496226 6.11931777724829
1.4666714992449 5.95468264829053
1.47265791352753 5.7833992815825
1.47864432781016 5.60598654742204
1.48463074209279 5.42298188410897
1.49061715637542 5.2349396698855
1.49660357065806 5.04242954355986
1.50258998494069 4.84603467890016
1.50857639922332 4.64635001802625
1.51456281350595 4.44398046915066
1.52054922778859 4.23953907412857
1.52653564207122 4.03364515136758
1.53252205635385 3.82692241972308
1.53850847063648 3.61999710906237
1.54449488491911 3.41349606322122
1.55048129920175 3.20804484109967
1.55646771348438 3.00426582164921
1.56245412776701 2.80277631849202
1.56844054204964 2.60418670988367
1.57442695633228 2.40909858968409
1.58041337061491 2.21810294493807
1.58639978489754 2.0317783655861
1.59238619918017 1.85068929172865
1.59837261346281 1.67538430375366
1.60435902774544 1.50639446050684
1.61034544202807 1.34423169053911
1.6163318563107 1.18938724130437
1.62231827059333 1.04233019100576
1.62830468487597 0.903506027598305
1.6342910991586 0.773335299252609
1.64027751344123 0.652212340367908
1.64626392772386 0.540504076993696
1.6522503420065 0.438548915278752
1.65823675628913 0.346655716314844
1.66422317057176 0.265102860480641
1.67020958485439 0.194137404120294
1.67619599913702 0.133974331111409
1.68218241341966 0.0847959015896988
1.68816882770229 0.0467510998032936
1.69415524198492 0.0199551827693842
1.70014165626755 0.00448933110053189
1.70612807055019 0.000400403058466363
1.71211448483282 0.00770079258049294
1.71810089911545 0.0263683917086692
1.72408731339808 0.0563466575356438
1.73007372768071 0.0975447834644405
1.73606014196335 0.149837974263474
1.74204655624598 0.213067824083657
1.74803297052861 0.287042796292562
1.75401938481124 0.371538803672151
1.76000579909388 0.466299887222578
1.76599221337651 0.571038991515851
1.77197862765914 0.685438834250653
1.77796504194177 0.80915286737426
1.7839514562244 0.941806326860145
1.78993787050704 1.08299736796122
1.79592428478967 1.23229828249981
1.8019106990723 1.38925679450687
1.80789711335493 1.55339743028567
1.81388352763757 1.72422295874973
1.8198699419202 1.9012158976717
1.82585635620283 2.08384008128062
1.83184277048546 2.27154228445868
1.83782918476809 2.46375389861751
1.84381559905073 2.65989265417728
1.84980201333336 2.8593643844307
1.85578842761599 3.06156482544884
1.86177484189862 3.26588144657617
1.86776125618126 3.47169530596998
1.87374767046389 3.67838292556294
1.87973408474652 3.88531817976935
1.88572049902915 4.09187419221325
1.89170691331179 4.29742523473308
1.89769332759442 4.50134862290984
1.90367974187705 4.703026602377
1.90966615615968 4.90184822019763
1.91565257044231 5.09721117564001
1.92163898472495 5.28852364474517
1.92762539900758 5.47520607315889
1.93361181329021 5.65669293179754
1.93959822757284 5.83243443002887
1.94558464185548 6.00189818117828
1.95157105613811 6.1645708153151
1.95755747042074 6.31995953443312
1.96354388470337 6.46759360531435
1.969530298986 6.60702578555359
1.97551671326864 6.73783367842382
1.98150312755127 6.85962101247798
1.9874895418339 6.97201884201108
1.99347595611653 7.07468666474551
1.99946237039917 7.16731345335408
2.0054487846818 7.24961859769561
2.01143519896443 7.32135275490892
2.01742161324706 7.38229860478957
2.02340802752969 7.43227150816132
2.02939444181233 7.47112006624761
2.03538085609496 7.4987265793484
2.04136727037759 7.51500740343292
2.04735368466022 7.51991320356785
2.05334009894286 7.51342910341307
2.05932651322549 7.4955747303323
2.06531292750812 7.46640415598112
2.07129934179075 7.42600573255316
2.07728575607338 7.37450182517956
2.08327217035602 7.3120484412926
2.08925858463865 7.23883475807622
2.09524499892128 7.15508254943433
2.10123141320391 7.06104551421324
2.10721782748655 6.9570085077126
2.11320424176918 6.84328667881295
2.11919065605181 6.72022451533354
2.12517707033444 6.58819480051236
2.13116348461707 6.44759748376903
2.13714989889971 6.29885846917165
2.14313631318234 6.1424283252772
2.14912272746497 5.97878092025396
2.1551091417476 5.80841198642019
2.16109555603024 5.63183761854766
2.16708197031287 5.44959271047874
2.1730683845955 5.26222933479319
2.17905479887813 5.07031507043279
2.18504121316077 4.87443128335
2.1910276274434 4.67517136538891
2.19701404172603 4.47313893673347
2.20300045600866 4.26894601736814
2.20898687029129 4.06321117309014
2.21497328457393 3.85655764168961
2.22095969885656 3.64961144497389
2.22694611313919 3.44299949235517
2.23293252742182 3.23734768174632
2.23891894170446 3.03327900351785
2.24490535598709 2.83141165325955
2.25089177026972 2.63235715906405
2.25687818455235 2.43671852900505
2.26286459883498 2.24508842442243
2.26885101311762 2.05804736454758
2.27483742740025 1.87616196790796
2.28082384168288 1.69998323583821
2.28681025596551 1.53004488329757
2.29279667024815 1.36686172205016
2.29878308453078 1.21092810110606
2.30476949881341 1.06271640914764
2.31075591309604 0.922675643477786
2.31674232737867 0.791230049825305
2.32272874166131 0.668777837127955
2.32871515594394 0.555689971186622
2.33470157022657 0.452309050845101
2.3406879845092 0.358948270100028
2.34667439879184 0.275890469285187
2.35266081307447 0.203387278204588
2.3586472273571 0.141658353810177
2.36463364163973 0.0908907147336574
2.37062005592236 0.0512381746884851
2.376606470205 0.0228208764586082
2.38259288448763 0.00572492788582259
2.38857929877026 2.14095862846519e-06
2.39456571305289 0.00566987479315217
2.40055212733553 0.0227109776376714
2.40653854161816 0.0510738121163432
2.41252495590079 0.09067243848804
2.41851137018342 0.141386880399261
2.42449778446605 0.203063488391201
2.43048419874869 0.275515405412019
2.43647061303132 0.358523132923942
2.44245702731395 0.451835195890121
2.44844344159658 0.555168904626643
2.45442985587922 0.668211211211605
2.46041627016185 0.79061965785684
2.46640268444448 0.922023414369173
2.47238909872711 1.06202440155833
2.47837551300975 1.21019849718818
2.48436192729238 1.36609682081805
2.49034834157501 1.5292470936417
2.49633475585764 1.69915506920469
2.50232117014027 1.87530603066571
2.50830758442291 2.05716635006632
2.51429399870554 2.24418510488544
2.52028041298817 2.43579574698145
2.5262668272708 2.63141781886617
2.53225324155344 2.8304587121115
2.53823965583607 3.03231546256198
2.5442260701187 3.23637657691493
2.55021248440133 3.44202388513492
2.55619889868396 3.64863441309101
2.5621853129666 3.855582269744
2.56817172724923 4.06224054316678
2.57415814153186 4.26798319965422
2.58014455581449 4.47218698016966
2.58613097009713 4.67423328838293
2.59211738437976 4.8735100645809
2.59810379866239 5.06941363977347
2.60409021294502 5.26135056437886
2.61007662722765 5.44873940594828
2.61606304151029 5.6310125104844
2.62204945579292 5.80761772201812
2.62803587007555 5.97802005523447
2.63402228435818 6.14170331608101
2.64000869864082 6.29817166544943
2.64599511292345 6.4469511211936
2.65198152720608 6.58759099393417
2.65796794148871 6.71966525230021
2.66395435577134 6.84277381347248
2.66994077005398 6.95654375511887
2.67592718433661 7.06063044505088
2.68191359861924 7.15471858517915
2.68790001290187 7.23852316660581
2.69388642718451 7.31179033296045
2.69987284146714 7.37429814936453
2.70585925574977 7.42585727469511
2.7118456700324 7.46631153511127
2.71783208431503 7.4955383971063
2.72381849859767 7.51344933865256
2.7298049128803 7.5199901173149
2.73579132716293 7.51514093452063
2.74177774144556 7.49891649548862
2.7477641557282 7.47136596463589
2.75375057001083 7.43257281659718
2.75973698429346 7.38265458330885
2.76572339857609 7.32176249792333
2.77170981285873 7.25008103663304
2.77769622714136 7.16782735979184
2.78368264142399 7.0752506540271
2.78966905570662 6.97263137733552
2.79565546998925 6.86028040944957
2.80164188427189 6.73853811004855
2.80762829855452 6.60777328766725
2.81361471283715 6.46838208242587
2.81960112711978 6.32078676596572
2.82558754140242 6.16543446222638
2.83157395568505 6.00279579293924
2.83756036996768 5.83336345194101
2.84354678425031 5.65765071262586
2.84953319853294 5.47618987305779
2.85551961281558 5.28953064345348
2.86150602709821 5.09823848092032
2.86749244138084 4.90289287649451
2.87347885566347 4.70408559966815
2.87946526994611 4.50241890572319
2.88545168422874 4.29850371130299
2.89143809851137 4.09295774374798
2.897424512794 3.88640366980183
2.90341092707663 3.67946720935686
2.90939734135927 3.47277523995258
2.9153837556419 3.26695389776947
2.92137016992453 3.06262668087069
2.92735658420716 2.86041256043747
2.9333429984898 2.66092410571986
2.93932941277243 2.46476562838281
2.94531582705506 2.27253135186892
2.95130224133769 2.08480361132346
2.95728865562032 1.90215108953429
2.96327506990296 1.72512709423091
2.96926148418559 1.5542678819608
2.97524789846822 1.39009103362059
2.98123431275085 1.23309388656311
2.98722072703349 1.0837520280297
2.99320714131612 0.9425178544716
2.99919355559875 0.809819201124662
3.00517996988138 0.686058045988658
3.01116638416402 0.571609292137144
3.01715279844665 0.466819632046567
3.02313921272928 0.372006497384809
3.02912562701191 0.287457097440467
3.03511204129454 0.21342754910569
3.04109845557718 0.15014210104801
3.04708486985981 0.0977924544212863
3.05307128414244 0.0565371821734564
3.05905769842507 0.026501248710082
3.06504411270771 0.00777563136868229
3.07103052699034 0.000417044850433611
3.07701694127297 0.00444776944392174
3.0830033555556 0.0198555835612203
3.08898976983823 0.0465938007905755
3.09497618412087 0.084581411353367
3.1009625984035 0.133703327536746
3.10694901268613 0.193810732358379
3.11293542696876 0.264721530407006
3.1189218412514 0.346220899493007
3.12490825553403 0.43806194143779
3.13089466981666 0.539966430030486
3.13688108409929 0.651625653886106
3.14286749838192 0.772701351651814
3.14885391266456 0.902826736728262
3.15484032694719 1.0416076084017
3.16082674122982 1.18862354602088
3.16681315551245 1.34342918260122
3.17279956979509 1.50555555399794
3.17878598407772 1.67451151956124
3.18477239836035 1.84978524996974
3.19075881264298 2.03084577773516
3.19674522692561 2.21714460568118
3.20273164120825 2.40811736852403
3.20871805549088 2.60318554252117
3.21470446977351 2.80175819800914
3.22069088405614 3.0032337895216
3.22667729833878 3.20700197806468
3.23266371262141 3.41244548002945
3.23865012690404 3.61894193714067
3.24463654118667 3.82586580177698
3.2506229554693 4.03259023195161
3.25660936975194 4.23848899021295
3.26259578403457 4.4429383407127
3.2685821983172 4.64531893869493
3.27456861259983 4.84501770668206
3.28055502688247 5.04142969167443
3.2865414411651 5.23395989773733
3.29252785544773 5.42202508842416
3.29851426973036 5.60505555357558
3.304500684013 5.78249683514267
3.31048709829563 5.95381140680583
3.31647351257826 6.11848030230172
3.32245992686089 6.27600468752531
3.32844634114352 6.42590737164477
3.33443275542616 6.56773425265184
3.34041916970879 6.70105569296838
3.34640558399142 6.8254678209422
3.35239199827405 6.94059375428955
3.35837841255669 7.0460847417783
3.36436482683932 7.14162121969293
3.37035124112195 7.22691377988156
3.37633765540458 7.3017040464521
3.38232406968721 7.36576545846204
3.38831048396985 7.41890395623087
3.39429689825248 7.46095856919613
3.40028331253511 7.4918019035322
3.40626972681774 7.5113405280549
3.41225614110038 7.51951525724293
3.41824255538301 7.51630133051856
3.42422896966564 7.50170848724492
3.43021538394827 7.47578093721228
3.4362017982309 7.43859722670321
3.44218821251354 7.39027000054192
3.44817462679617 7.33094566084909
3.4541610410788 7.26080392353552
3.46014745536143 7.18005727387854
3.46613386964407 7.08895032282996
3.4721202839267 6.98775906600606
3.47810669820933 6.87679004760389
3.48409311249196 6.75637943177686
3.49007952677459 6.62689198428288
3.49606594105723 6.48871996748949
3.50205235533986 6.34228195208394
3.50803876962249 6.18802154908727
3.51402518390512 6.0264060660142
3.52001159818776 5.85792509124902
3.52599801247039 5.68308901092646
3.53198442675302 5.50242746280988
3.53797084103565 5.31648773185072
3.54395725531828 5.12583309228941
3.54994366960092 4.9310411013201
3.55593008388355 4.7327018494881
3.56191649816618 4.53141617312013
3.56790291244881 4.32779383420257
3.57388932673145 4.12245167322114
3.57987574101408 3.91601174055793
3.58586215529671 3.70909941210599
3.59184856957934 3.50234149481013
3.59783498386198 3.29636432787256
3.60382139814461 3.09179188537559
3.60980781242724 2.88924388606891
3.61579422670987 2.68933391604763
3.6217806409925 2.49266757000786
3.62776705527514 2.29984061671067
3.63375346955777 2.11143719421174
3.6397398838404 1.92802804032374
3.64572629812303 1.75016876367215
3.65171271240567 1.57839816058174
3.6576991266883 1.4132365828925
3.66368554097093 1.25518436164941
3.66967195525356 1.10472029144103
3.67565836953619 0.962300179978446
3.68164478381883 0.828355467308191
3.68763119810146 0.703291918842096
3.69361761238409 0.587488396163149
3.69960402666672 0.481295709331051
3.70559044094936 0.385035554164129
3.71157685523199 0.298999537716935
3.71756326951462 0.223448294905641
3.72354968379725 0.158610698957255
3.72953609807988 0.104683168074448
3.73552251236252 0.0618290704163265
3.74150892664515 0.0301782291976672
3.74749534092778 0.00982652940581557
3.75348175521041 0.000835627326655557
3.75946816949305 0.00323276375959503
3.76545458377568 0.0170106814874209
3.77144099805831 0.0421276472510557
3.77742741234094 0.0785075781626741
3.78341382662357 0.126040272174264
3.78940024090621 0.184581741903501
3.79538665518884 0.253954650805715
3.80137306947147 0.333948850370672
3.8073594837541 0.424322016716896
3.81334589803674 0.524800384655102
3.81933231231937 0.635079576997108
3.825318726602 0.754825526598013
3.83130514088463 0.883675488338544
3.83729155516727 1.02123913798202
3.8432779694499 1.16709975457718
3.84926438373253 1.32081548282512
3.85525079801516 1.48192067158617
3.86123721229779 1.64992728447214
3.86722362658043 1.82432637825085
3.87321004086306 2.00458964458427
3.87919645514569 2.19017101043025
3.88518286942832 2.38050829225942
3.89116928371096 2.57502489907647
3.89715569799359 2.77313157908666
3.90314211227622 2.97422820471657
3.90912852655885 3.17770559058167
3.91511494084148 3.38294733889364
3.92110135512412 3.58933170671705
3.92708776940675 3.79623348941906
3.93307418368938 4.00302591460663
3.93906059797201 4.20908254081384
3.94504701225465 4.41377915518778
3.95103342653728 4.61649566442422
3.95701984081991 4.81661797322503
3.96300625510254 5.01353984458678
3.96899266938517 5.20666473628525
3.97497908366781 5.39540760799257
3.98096549795044 5.57919669355265
3.98695191223307 5.75747523304618
3.9929383265157 5.92970315939822
3.99892474079834 6.09535873441917
4.00491115508097 6.25394012932295
4.0108975693636 6.40496694493459
4.01688398364623 6.54798166698202
4.02287039792886 6.68255105206348
4.0288568122115 6.80826744009204
4.03484322649413 6.92474998924139
4.04082964077676 7.03164582965183
4.04681605505939 7.12863113240157
4.05280246934203 7.2154120905048
4.05878888362466 7.29172580896522
4.06477529790729 7.35734110118813
4.07076171218992 7.412059189339
4.07674812647255 7.4557143065265
4.08273454075519 7.48817419898596
4.08872095503782 7.5093405267416
4.09470736932045 7.51914916153423
4.10069378360308 7.51757038111137
4.10668019788572 7.50460895929144
4.11266661216835 7.48030415152894
4.11865302645098 7.44472957602433
4.12463944073361 7.39799299073873
4.13062585501624 7.34023596698885
4.13661226929888 7.27163346061067
4.14259868358151 7.19239328199106
4.14858509786414 7.10275546657263
4.15457151214677 7.00299154773859
4.16055792642941 6.89340373428028
4.16654434071204 6.77432399493889
4.17253075499467 6.64611305279453
4.1785171692773 6.5091592925489
4.18450358355993 6.36387758401158
4.19048999784257 6.21070802535385
4.1964764121252 6.05011460993715
4.20246282640783 5.88258382075455
4.20844924069046 5.70862315674305
4.2144356549731 5.52875959543092
4.22042206925573 5.3435379965771
4.22640848353836 5.15351945163836
4.23239489782099 4.95927958406426
4.23838131210363 4.76140680556868
4.24436772638626 4.56050053366018
4.25035414066889 4.35716937583067
4.25634055495152 4.15202928590326
4.26232696923415 3.94570169812378
4.26831338351679 3.73881164464884
4.27429979779942 3.53198586213267
4.28028621208205 3.32585089314868
4.28627262636468 3.12103118819702
4.29225904064732 2.91814721404765
4.29824545492995 2.71781357414945
4.30423186921258 2.52063714679907
4.31021828349521 2.32721524670969
4.31620469777784 2.13813381554872
4.32219111206048 1.95396564692611
4.32817752634311 1.77526865120998
4.33416394062574 1.60258416542637
4.34015035490837 1.43643531336274
4.34613676919101 1.277325420843
4.35212318347364 1.12573649097489
4.35810959775627 0.982127743988546
4.3640960120389 0.84693422608964
4.37008242632153 0.720565491541376
4.37606884060417 0.603404361967789
4.3820552548868 0.495805766636826
4.38804166916943 0.398095667236493
4.39402808345206 0.310570070401282
4.4000144977347 0.233494130980368
4.40600091201733 0.16710134876412
4.41198732629996 0.111592861102418
4.41797374058259 0.067136833557737
4.42396015486522 0.0338679504390234
4.42994656914786 0.011887006759805
4.43593298343049 0.00126060285674215
4.44191939771312 0.00202094259383661
4.44790581199575 0.0141657357637313
4.45389222627839 0.0376582049818874
4.45987864056102 0.0724271970528884
4.46586505484365 0.118367398471647
4.47185146912628 0.175339654406831
4.47783788340891 0.243171390200353
4.48382429769155 0.321657134106215
4.48981071197418 0.410559139685301
4.49579712625681 0.509608105970856
4.50178354053944 0.618503993223169
4.50776995482208 0.73691693180244
4.51375636910471 0.86448822140672
4.51974278338734 1.00083141764805
4.52572919766997 1.14553350267535
4.53171561195261 1.29815613629811
4.53770202623524 1.45823698382077
4.54368844051787 1.62529111656572
4.5496748548005 1.79881248084233
4.55566126908313 1.9782754309121
4.56164768336577 2.16313632130637
4.5676340976484 2.35283515367294
4.57362051193103 2.54679727316297
4.57960692621366 2.7444351092194
4.5855933404963 2.94514995549347
4.59157975477893 3.14833378349769
4.59756616906156 3.35337108450106
4.60355258334419 3.55964073408705
4.60953899762682 3.766517873726
4.61552541190946 3.97337580366216
4.62151182619209 4.17958788138133
4.62749824047472 4.384529419908
4.63348465475735 4.58757958018152
4.63947106903999 4.7881232517788
4.64545748332262 4.98555291628607
4.65144389760525 5.17927048767528
4.65743031188788 5.36868912410967
4.66341672617051 5.55323500569033
4.66940314045315 5.73234907275818
4.67538955473578 5.90548871948549
4.68137596901841 6.07212943762654
4.68736238330104 6.2317664054479
4.69334879758368 6.38391601702496
4.69933521186631 6.52811734727172
4.70532162614894 6.66393354826603
4.71130804043157 6.7909531726401
4.7172944547142 6.90879142002709
4.72328086899684 7.0170913027882
4.72926728327947 7.11552472748833
4.7352536975621 7.20379348884438
4.74124011184473 7.28163017313493
4.74722652612737 7.34879896833445
4.75321294041 7.40509637851787
4.75919935469263 7.45035184037098
4.76518576897526 7.48442823993911
4.7711721832579 7.50722232804842
4.77715859754053 7.51866503314117
4.78314501182316 7.51872167057718
4.78913142610579 7.50736376113935
4.79511784038842 7.48462579728279
4.80110425467106 7.45060501014907
4.80709066895369 7.40540448052299
4.81307708323632 7.34916115592916
4.81906349751895 7.28204543571399
4.82504991180159 7.20426065479289
4.83103632608422 7.11604246762683
4.83702274036685 7.01765813429458
4.84300915464948 6.90940571082322
4.84899556893211 6.7916131462303
4.85498198321475 6.66463728901266
4.86096839749738 6.528862806092
4.86695481178001 6.38470101749212
4.87294122606264 6.23258865027784
4.87892764034528 6.07298651553093
4.88491405462791 5.90637811237044
4.89090046891054 5.73326816324675
4.89688688319317 5.55418108494636
4.9028732974758 5.36965939993921
4.90885971175844 5.1802620928814
4.91484612604107 4.98656291725158
4.9208325403237 4.78914865725127
4.92681895460633 4.58861735023401
4.93280536888897 4.38557647504839
4.9387917831716 4.18064111178301
4.94477819745423 3.97443207848796
4.95076461173686 3.7675740505175
4.95675102601949 3.56069366819077
4.96273744030213 3.35441763850319
4.96872385458476 3.14937083663889
4.97471026886739 2.94617441303529
4.98069668315002 2.74544391173413
4.98668309743266 2.54778740571888
4.99266951171529 2.35380365488711
4.99865592599792 2.16408029223799
5.00464234028055 1.97919204376919
5.01062875456318 1.79969898747575
5.01661516884582 1.62614485672484
5.02260158312845 1.45905539314575
5.02858799741108 1.29893675402492
5.03457441169371 1.14627397902998
5.04056082597635 1.00152952090789
5.04654724025898 0.865141844607596
5.05253365454161 0.737524099071128
5.05852006882424 0.619062865716323
5.06450648310688 0.510116987402375
5.07049289738951 0.41101648142546
5.07647931167214 0.322061539837196
5.08246572595477 0.243521620114106
5.0884521402374 0.175634628932597
5.09443855452004 0.118606201521907
5.10042496880267 0.0726090787779249
5.1064113830853 0.0377825840246586
5.11239779736793 0.0142322010082462
5.11838421165057 0.00202925440175433
5.1243706259332 0.00121069378846431
5.13035704021583 0.011778981777884
5.13634345449846 0.033702086593272
5.14232986878109 0.06691357915299
5.14831628306373 0.111312834351455
5.15430269734636 0.166765335929817
5.16028911162899 0.233103084012683
5.16627552591162 0.310125104076202
5.17226194019426 0.397598055805581
5.17824835447689 0.495256939997479
5.18423476875952 0.60280590136576
5.19022118304215 0.719919124818528
5.19620759732478 0.84624182249128
5.20219401160742 0.981391308546001
5.20818042589005 1.12495815848028
5.21416684017268 1.27650744943438
5.22015325445531 1.435580077739
5.22613966873795 1.60169414971232
5.23212608302058 1.77434644149317
5.23811249730321 1.95301392348796
5.24409891158584 2.13715534481327
5.25008532586847 2.32621287293439
5.25607174015111 2.51961378353264
5.26205815443374 2.71677219548255
5.26804456871637 2.9170908456828
5.274030982999 3.11996289836469
5.28001739728164 3.32477378339695
5.28600381156427 3.53090305801828
5.2919902258469 3.73772628635767
5.29797664012953 3.94461693104907
5.30396305441216 4.15094825121
5.3099494686948 4.35609520103463
5.31593588297743 4.55943632324989
5.32192229726006 4.7603556316989
5.32790871154269 4.95824447734863
5.33389512582533 5.15250339206936
5.33988154010796 5.34254390460049
5.34586795439059 5.52779032320157
5.35185436867322 5.70768147958865
5.35784078295586 5.88167242887285
5.36382719723849 6.04923610035172
5.36981361152112 6.20986489415263
5.37580002580375 6.36307221889174
5.38178644008638 6.50839396569024
5.38777285436902 6.64538991408302
5.39375926865165 6.77364506556081
5.39974568293428 6.89277090070616
5.40573209721691 7.002406556115
5.41171851149955 7.10221991753891
5.41770492578218 7.19190862593638
5.42369134006481 7.27120099338576
5.42967775434744 7.33985682608529
5.43566416863007 7.39766815194726
5.44165058291271 7.44445985058224
5.44763699719534 7.48009018376501
5.45362341147797 7.50445122477554
5.4596098257606 7.51746918531423
5.46559624004324 7.51910463900136
5.47158265432587 7.50935264078377
5.4775690686085 7.48824274188705
5.48355548289113 7.45583890026811
5.48954189717376 7.41223928683949
5.4955283114564 7.35757598805242
5.50151472573903 7.2920146057397
5.50750114002166 7.21575375543071
5.51348755430429 7.12902446465837
5.51947396858693 7.03208947308082
5.52546038286956 6.92524243653786
5.53144679715219 6.80880703745377
5.53743321143482 6.68313600428103
5.54341962571745 6.54861004295553
5.54940604000009 6.40563668360037
5.55539245428272 6.25464904597187
5.56137886856535 6.09610452738759
5.56736528284798 5.93048341711131
5.57335169713062 5.7582874413922
5.57933811141325 5.58003824356586
5.58532452569588 5.39627580382151
5.59131093997851 5.20755680342219
5.59729735426115 5.01445293833347
5.60328376854378 4.81754918736912
5.60927018282641 4.61744204009994
5.61525659710904 4.41473768989421
5.62124301139167 4.21005019756342
5.62722942567431 4.00399963117605
5.63321583995694 3.79721018767481
5.63920225423957 3.59030830198711
5.6451886685222 3.38392074935712
5.65117508280484 3.17867274664787
5.65716149708747 2.97518605836517
5.6631479113701 2.77407711314069
5.66913432565273 2.57595513637998
5.67512073993536 2.38142030473215
5.681107154218 2.19106192797178
5.68709356850063 2.00545666380089
5.69307998278326 1.82516677097847
5.69906639706589 1.65073840606973
5.70505281134853 1.48269996897437
5.71103922563116 1.32156050224594
5.71702563991379 1.16780814905107
5.72301205419642 1.02190867443994
5.72899846847905 0.88430405440737
5.73498488276169 0.755411137018708
5.74097129704432 0.635620379656301
5.74695771132695 0.525294666211801
5.75294412560958 0.424768207807309
5.75893053989222 0.334345530375391
5.76491695417485 0.254300552164829
5.77090336845748 0.184875753966596
5.77688978274011 0.126281444573648
5.78287619702274 0.0786951236996329
5.78886261130538 0.0422609442863957
5.79484902558801 0.0170892758290746
5.80083543987064 0.00325637004157375
5.80682185415327 0.000804129875179751
5.81280826843591 0.00973998259000151
5.81879468271854 0.0300368572637099
5.82478109700117 0.0616332668056811
5.8307675112838 0.104433494228073
5.83675392556643 0.158307882609535
5.84274033984907 0.223093227873155
5.8487267541317 0.298593273188755
5.85471316841433 0.384579303501855
5.86069958269696 0.480790838388263
5.8666859969796 0.586936421135407
5.87267241126223 0.702694501660058
5.87865882554486 0.827714410587777
5.88464523982749 0.961617421543338
5.89063165411013 1.10399789843408
5.89661806839276 1.25442452425075
5.90260448267539 1.41244160766343
5.90859089695802 1.57757046345447
5.91457731124065 1.74931086260662
5.92056372552329 1.92714254765376
5.92655013980592 2.11052680870363
5.93253655408855 2.2989081153584
5.93852296837118 2.49171579958947
5.94450938265382 2.68836578446867
5.95049579693645 2.88826235351883
5.95648221121908 3.09079995532408
5.96246862550171 3.29536503793299
5.96845503978434 3.50133790749773
5.97444145406698 3.7080946055188
5.98042786834961 3.91500879900866
5.98641428263224 4.12145367784838
5.99240069691487 4.32680385358971
5.99838711119751 4.53043725395043
6.00437352548014 4.73173700726412
6.01035993976277 4.93009331117578
6.0163463540454 5.12490527992238
6.02233276832803 5.31558276460247
6.02831918261067 5.50154814092076
6.0343055968933 5.68223805899193
6.04029201117593 5.85710514990316
6.04627842545856 6.02561968386556
6.0522648397412 6.18727117493151
6.05825125402383 6.34156992741693
6.06423766830646 6.48804851934348
6.07022408258909 6.62626321840744
6.07621049687172 6.75579532618547
6.08219691115436 6.87625244650533
6.08818332543699 6.98726967413949
6.09416973971962 7.08851070022052
6.10015615400225 7.17966883102958
6.10614256828489 7.26046791707199
6.11212898256752 7.33066318962525
6.11811539685015 7.39004200222548
6.12410181113278 7.43842447484588
6.13008822541541 7.475664038816
6.13607463969805 7.50164788083105
6.14206105398068 7.51629728470599
6.14804746826331 7.51956786983937
6.15403388254594 7.51144972566434
6.16002029682858 7.49196744167964
6.16600671111121 7.46118003296939
6.17199312539384 7.41918076143753
6.17797953967647 7.36609685329818
6.18396595395911 7.30208911367777
6.18995236824174 7.22735143949655
6.19593878252437 7.14211023210476
6.201925196807 7.04662371145305
6.20791161108963 6.94118113387443
6.21389802537227 6.82610191584754
6.2198844396549 6.7017346663953
6.22587085393753 6.56845613105039
6.23185726822016 6.42667005058617
6.2378436825028 6.27680593797066
6.24383009678543 6.11931777724823
6.24981651106806 5.95468264829046
6.25580292535069 5.78339928158243
6.26178933963332 5.60598654742197
6.26777575391596 5.4229818841089
6.27376216819859 5.23493966988543
6.27974858248122 5.04242954355978
6.28573499676385 4.84603467890009
6.29172141104649 4.64635001802618
6.29770782532912 4.44398046915058
6.30369423961175 4.23953907412849
6.30968065389438 4.0336451513675
6.31566706817701 3.826922419723
6.32165348245965 3.61999710906229
6.32763989674228 3.41349606322114
6.33362631102491 3.20804484109959
6.33961272530754 3.00426582164913
6.34559913959018 2.80277631849194
6.35158555387281 2.60418670988359
6.35757196815544 2.40909858968401
6.36355838243807 2.218102944938
6.3695447967207 2.03177836558603
6.37553121100334 1.85068929172858
6.38151762528597 1.67538430375359
6.3875040395686 1.50639446050678
6.39349045385123 1.34423169053905
6.39947686813387 1.18938724130431
6.4054632824165 1.04233019100571
6.41144969669913 0.903506027598251
6.41743611098176 0.773335299252561
6.4234225252644 0.652212340367864
6.42940893954703 0.540504076993654
6.43539535382966 0.438548915278714
6.44138176811229 0.34665571631481
6.44736818239492 0.265102860480611
6.45335459667756 0.194137404120268
6.45934101096019 0.133974331111387
6.46532742524282 0.0847959015896816
6.47131383952545 0.0467510998032807
6.47730025380809 0.0199551827693756
6.48328666809072 0.0044893311005277
6.48927308237335 0.000400403058466567
6.49525949665598 0.00770079258049755
6.50124591093861 0.0263683917086782
6.50723232522125 0.0563466575356572
6.51321873950388 0.0975447834644581
6.51920515378651 0.149837974263496
6.52519156806914 0.213067824083684
6.53117798235178 0.287042796292592
6.53716439663441 0.371538803672185
6.54315081091704 0.466299887222617
6.54913722519967 0.571038991515894
6.5551236394823 0.685438834250699
6.56111005376494 0.80915286737431
6.56709646804757 0.941806326860197
6.5730828823302 1.08299736796128
6.57906929661283 1.23229828249987
6.58505571089547 1.38925679450693
6.5910421251781 1.55339743028574
6.59702853946073 1.7242229587498
6.60301495374336 1.90121589767177
6.60900136802599 2.08384008128069
6.61498778230863 2.27154228445875
6.62097419659126 2.46375389861759
6.62696061087389 2.65989265417736
6.63294702515652 2.85936438443078
6.63893343943916 3.06156482544892
6.64491985372179 3.26588144657625
6.65090626800442 3.47169530597006
6.65689268228705 3.67838292556303
6.66287909656968 3.88531817976943
6.66886551085232 4.09187419221333
6.67485192513495 4.29742523473316
6.68083833941758 4.50134862290993
6.68682475370021 4.70302660237708
6.69281116798285 4.90184822019771
6.69879758226548 5.0972111756401
6.70478399654811 5.28852364474525
6.71077041083074 5.47520607315898
6.71675682511338 5.65669293179762
6.72274323939601 5.83243443002895
6.72872965367864 6.00189818117836
6.73471606796127 6.16457081531517
6.7407024822439 6.31995953443319
6.74668889652654 6.46759360531441
6.75267531080917 6.60702578555366
6.7586617250918 6.73783367842388
6.76464813937443 6.85962101247805
6.77063455365707 6.97201884201114
6.7766209679397 7.07468666474557
6.78260738222233 7.16731345335413
6.78859379650496 7.24961859769567
6.79458021078759 7.32135275490897
6.80056662507023 7.38229860478961
6.80655303935286 7.43227150816137
6.81253945363549 7.47112006624766
6.81852586791812 7.49872657934845
6.82451228220076 7.51500740343295
6.83049869648339 7.51991320356787
6.83648511076602 7.51342910341311
6.84247152504865 7.49557473033232
6.84845793933128 7.46640415598115
6.85444435361392 7.42600573255318
6.86043076789655 7.37450182517958
6.86641718217918 7.31204844129262
6.87240359646181 7.23883475807624
6.87839001074445 7.15508254943434
6.88437642502708 7.06104551421326
6.89036283930971 6.95700850771261
6.89634925359234 6.84328667881295
6.90233566787497 6.72022451533356
6.90832208215761 6.58819480051236
6.91430849644024 6.44759748376903
6.92029491072287 6.29885846917165
6.9262813250055 6.1424283252772
6.93226773928814 5.97878092025396
6.93825415357077 5.80841198642018
6.9442405678534 5.63183761854765
6.95022698213603 5.44959271047873
6.95621339641866 5.26222933479318
6.9621998107013 5.07031507043278
6.96818622498393 4.87443128334999
6.97417263926656 4.67517136538891
6.98015905354919 4.47313893673346
6.98614546783183 4.26894601736813
6.99213188211446 4.06321117309012
6.99811829639709 3.8565576416896
7.00410471067972 3.64961144497387
7.01009112496236 3.44299949235515
7.01607753924499 3.23734768174631
7.02206395352762 3.03327900351783
7.02805036781025 2.83141165325954
7.03403678209288 2.63235715906403
7.04002319637552 2.43671852900503
7.04600961065815 2.24508842442242
7.05199602494078 2.05804736454756
7.05798243922341 1.87616196790794
7.06396885350605 1.6999832358382
7.06995526778868 1.53004488329756
7.07594168207131 1.36686172205014
7.08192809635394 1.21092810110604
7.08791451063657 1.06271640914762
7.09390092491921 0.922675643477772
7.09988733920184 0.791230049825292
7.10587375348447 0.668777837127943
7.1118601677671 0.555689971186611
7.11784658204974 0.45230905084509
7.12383299633237 0.358948270100018
7.129819410615 0.275890469285179
7.13580582489763 0.203387278204581
7.14179223918026 0.14165835381017
7.1477786534629 0.0908907147336523
7.15376506774553 0.0512381746884812
7.15975148202816 0.0228208764586055
7.16573789631079 0.00572492788582128
7.17172431059343 2.14095862848184e-06
7.17771072487606 0.00566987479315355
7.18369713915869 0.0227109776376741
7.18968355344132 0.0510738121163475
7.19566996772395 0.0906724384880456
7.20165638200659 0.141386880399268
7.20764279628922 0.20306348839121
7.21362921057185 0.275515405412029
7.21961562485448 0.358523132923953
7.22560203913712 0.451835195890135
7.23158845341975 0.555168904626657
7.23757486770238 0.66821121121162
7.24356128198501 0.790619657856856
7.24954769626765 0.922023414369192
7.25553411055028 1.06202440155835
7.26152052483291 1.2101984971882
7.26750693911554 1.36609682081807
7.27349335339817 1.52924709364172
7.27947976768081 1.69915506920471
7.28546618196344 1.87530603066573
7.29145259624607 2.05716635006634
7.2974390105287 2.24418510488547
7.30342542481134 2.43579574698148
7.30941183909397 2.63141781886619
7.3153982533766 2.83045871211153
7.32138466765923 3.03231546256201
7.32737108194186 3.23637657691497
7.3333574962245 3.44202388513495
7.33934391050713 3.64863441309105
7.34533032478976 3.85558226974403
7.35131673907239 4.06224054316681
7.35730315335503 4.26798319965426
7.36328956763766 4.47218698016969
7.36927598192029 4.67423328838297
7.37526239620292 4.87351006458093
7.38124881048555 5.06941363977351
7.38723522476819 5.26135056437889
7.39322163905082 5.44873940594832
7.39920805333345 5.63101251048444
7.40519446761608 5.80761772201816
7.41118088189872 5.9780200552345
7.41716729618135 6.14170331608104
7.42315371046398 6.29817166544946
7.42914012474661 6.44695112119365
7.43512653902924 6.58759099393421
7.44111295331188 6.71966525230025
7.44709936759451 6.84277381347251
7.45308578187714 6.95654375511891
7.45907219615977 7.06063044505091
7.46505861044241 7.15471858517919
7.47104502472504 7.23852316660585
7.47703143900767 7.31179033296048
7.4830178532903 7.37429814936456
7.48900426757293 7.42585727469514
7.49499068185557 7.46631153511129
7.5009770961382 7.49553839710634
7.50696351042083 7.5134493386526
7.51294992470346 7.51999011731492
7.5189363389861 7.51514093452065
7.52492275326873 7.49891649548865
7.53090916755136 7.47136596463591
7.53689558183399 7.4325728165972
7.54288199611663 7.38265458330888
7.54886841039926 7.32176249792335
7.55485482468189 7.25008103663306
7.56084123896452 7.16782735979186
7.56682765324715 7.07525065402712
7.57281406752979 6.97263137733554
7.57880048181242 6.86028040944959
7.58478689609505 6.73853811004857
7.59077331037768 6.60777328766727
7.59675972466032 6.46838208242588
7.60274613894295 6.32078676596574
7.60873255322558 6.16543446222639
7.61471896750821 6.00279579293926
7.62070538179084 5.83336345194102
7.62669179607348 5.65765071262587
7.63267821035611 5.47618987305781
7.63866462463874 5.28953064345349
7.64465103892137 5.09823848092033
7.65063745320401 4.90289287649452
7.65662386748664 4.70408559966815
7.66261028176927 4.5024189057232
7.6685966960519 4.298503711303
7.67458311033453 4.09295774374798
7.68056952461717 3.88640366980183
7.6865559388998 3.67946720935687
7.69254235318243 3.47277523995259
7.69852876746506 3.26695389776947
7.7045151817477 3.06262668087069
7.71050159603033 2.86041256043747
7.71648801031296 2.66092410571986
7.72247442459559 2.46476562838281
7.72846083887822 2.27253135186893
7.73444725316086 2.08480361132345
7.74043366744349 1.90215108953429
7.74642008172612 1.72512709423091
7.75240649600875 1.5542678819608
7.75839291029139 1.39009103362059
7.76437932457402 1.23309388656311
7.77036573885665 1.0837520280297
7.77635215313928 0.942517854471599
7.78233856742191 0.809819201124661
7.78832498170455 0.686058045988658
7.79431139598718 0.571609292137143
7.80029781026981 0.466819632046567
7.80628422455244 0.372006497384808
7.81227063883508 0.287457097440465
7.81825705311771 0.213427549105688
7.82424346740034 0.150142101048009
7.83022988168297 0.097792454421285
7.83621629596561 0.0565371821734551
7.84220271024824 0.0265012487100808
7.84818912453087 0.00777563136868136
7.8541755388135 0.000417044850432908
7.86016195309613 0.00444776944392128
7.86614836737877 0.0198555835612201
7.8721347816614 0.0465938007905756
7.87812119594403 0.0845814113533675
7.88410761022666 0.133703327536747
7.8900940245093 0.19381073235838
7.89608043879193 0.264721530407008
7.90206685307456 0.346220899493009
7.90805326735719 0.438061941437793
7.91403968163982 0.539966430030489
7.92002609592246 0.651625653886108
7.92601251020509 0.772701351651818
7.93199892448772 0.902826736728266
7.93798533877035 1.0416076084017
7.94397175305299 1.18862354602089
7.94995816733562 1.34342918260123
7.95594458161825 1.50555555399795
7.96193099590088 1.67451151956125
7.96791741018351 1.84978524996975
7.97390382446615 2.03084577773516
7.97989023874878 2.21714460568119
7.98587665303141 2.40811736852405
7.99186306731404 2.60318554252118
7.99784948159668 2.80175819800915
8.00383589587931 3.00323378952161
8.00982231016194 3.20700197806468
8.01580872444457 3.41244548002947
8.0217951387272 3.61894193714069
8.02778155300983 3.825865801777
8.03376796729246 4.03259023195163
8.0397543815751 4.23848899021297
8.04574079585773 4.44293834071272
8.05172721014036 4.64531893869494
8.05771362442299 4.84501770668207
8.06370003870562 5.04142969167445
8.06968645298825 5.23395989773735
8.07567286727088 5.42202508842417
8.08165928155351 5.6050555535756
8.08764569583615 5.78249683514269
8.09363211011878 5.95381140680585
8.09961852440141 6.11848030230174
8.10560493868404 6.27600468752532
8.11159135296667 6.42590737164479
8.1175777672493 6.56773425265186
8.12356418153193 6.7010556929684
8.12955059581457 6.82546782094222
8.1355370100972 6.94059375428958
8.14152342437983 7.04608474177832
8.14750983866246 7.14162121969295
8.15349625294509 7.22691377988158
8.15948266722772 7.30170404645212
8.16546908151035 7.36576545846205
8.17145549579299 7.4189039562309
8.17744191007562 7.46095856919616
8.18342832435825 7.49180190353223
8.18941473864088 7.51134052805493
8.19540115292351 7.51951525724295
8.20138756720614 7.51630133051858
8.20737398148877 7.50170848724494
8.2133603957714 7.47578093721232
8.21934681005404 7.43859722670323
8.22533322433667 7.39027000054194
8.2313196386193 7.3309456608491
8.23730605290193 7.26080392353554
8.24329246718456 7.18005727387856
8.24927888146719 7.08895032282999
8.25526529574982 6.98775906600609
8.26125171003246 6.87679004760391
8.26723812431509 6.75637943177688
8.27322453859772 6.62689198428289
8.27921095288035 6.48871996748951
8.28519736716298 6.34228195208395
8.29118378144561 6.18802154908729
8.29717019572824 6.02640606601422
8.30315661001088 5.85792509124904
8.30914302429351 5.68308901092648
8.31512943857614 5.5024274628099
8.32111585285877 5.31648773185074
8.3271022671414 5.12583309228943
8.33308868142403 4.93104110132012
8.33907509570666 4.73270184948811
8.34506150998929 4.53141617312015
8.35104792427193 4.32779383420258
8.35703433855456 4.12245167322115
8.36302075283719 3.91601174055794
8.36900716711982 3.70909941210601
8.37499358140245 3.50234149481014
8.38097999568508 3.29636432787257
8.38696640996771 3.09179188537559
8.39295282425035 2.88924388606892
8.39893923853298 2.68933391604764
8.40492565281561 2.49266757000786
8.41091206709824 2.29984061671068
8.41689848138087 2.11143719421174
8.4228848956635 1.92802804032375
8.42887130994613 1.75016876367216
8.43485772422877 1.57839816058174
8.4408441385114 1.4132365828925
8.44683055279403 1.25518436164941
8.45281696707666 1.10472029144103
8.45880338135929 0.962300179978446
8.46478979564192 0.828355467308191
8.47077620992455 0.703291918842096
8.47676262420718 0.587488396163149
8.48274903848982 0.481295709331051
8.48873545277245 0.385035554164129
8.49472186705508 0.298999537716934
8.50070828133771 0.22344829490564
8.50669469562034 0.158610698957255
8.51268110990297 0.104683168074447
8.5186675241856 0.061829070416326
8.52465393846824 0.0301782291976667
8.53064035275087 0.00982652940581525
8.5366267670335 0.000835627326655409
8.54261318131613 0.0032327637595951
8.54859959559876 0.0170106814874212
8.55458600988139 0.0421276472510563
8.56057242416402 0.0785075781626751
8.56655883844665 0.126040272174265
8.57254525272929 0.184581741903503
8.57853166701192 0.253954650805717
8.58451808129455 0.333948850370675
8.59050449557718 0.424322016716899
8.59649090985981 0.524800384655106
8.60247732414244 0.635079576997113
8.60846373842507 0.754825526598018
8.61445015270771 0.88367548833855
8.62043656699034 1.02123913798203
8.62642298127297 1.16709975457719
8.6324093955556 1.32081548282513
8.63839580983823 1.48192067158618
8.64438222412086 1.64992728447215
8.65036863840349 1.82432637825086
8.65635505268613 2.00458964458428
8.66234146696876 2.19017101043026
8.66832788125139 2.38050829225944
8.67431429553402 2.57502489907649
8.68030070981665 2.77313157908667
8.68628712409928 2.97422820471658
8.69227353838191 3.17770559058169
8.69825995266454 3.38294733889366
8.70424636694718 3.58933170671707
8.71023278122981 3.79623348941908
8.71621919551244 4.00302591460665
8.72220560979507 4.20908254081387
8.7281920240777 4.4137791551878
8.73417843836033 4.61649566442424
8.74016485264296 4.81661797322505
8.7461512669256 5.01353984458679
8.75213768120823 5.20666473628527
8.75812409549086 5.39540760799259
8.76411050977349 5.57919669355267
8.77009692405612 5.7574752330462
8.77608333833875 5.92970315939824
8.78206975262138 6.09535873441919
8.78805616690402 6.25394012932297
8.79404258118665 6.40496694493461
8.80002899546928 6.54798166698204
8.80601540975191 6.6825510520635
8.81200182403454 6.80826744009206
8.81798823831717 6.92474998924141
8.8239746525998 7.03164582965186
8.82996106688243 7.12863113240159
8.83594748116507 7.21541209050482
8.8419338954477 7.29172580896524
8.84792030973033 7.35734110118815
8.85390672401296 7.41205918933902
8.85989313829559 7.45571430652654
8.86587955257822 7.48817419898599
8.87186596686085 7.50934052674162
8.87785238114349 7.51914916153425
8.88383879542612 7.5175703811114
8.88982520970875 7.50460895929147
8.89581162399138 7.48030415152896
8.90179803827401 7.44472957602434
8.90778445255664 7.39799299073875
8.91377086683927 7.34023596698887
8.91975728112191 7.27163346061069
8.92574369540454 7.19239328199109
8.93173010968717 7.10275546657264
8.9377165239698 7.00299154773861
8.94370293825243 6.89340373428031
8.94968935253506 6.77432399493891
8.95567576681769 6.64611305279455
8.96166218110032 6.50915929254893
8.96764859538296 6.36387758401159
8.97363500966559 6.21070802535387
8.97962142394822 6.05011460993717
8.98560783823085 5.88258382075456
8.99159425251348 5.70862315674306
8.99758066679611 5.52875959543094
9.00356708107874 5.34353799657712
9.00955349536138 5.15351945163838
9.01553990964401 4.95927958406428
9.02152632392664 4.7614068055687
9.02751273820927 4.56050053366019
9.0334991524919 4.35716937583069
9.03948556677453 4.15202928590327
9.04547198105716 3.94570169812379
9.05145839533979 3.73881164464885
9.05744480962243 3.53198586213269
9.06343122390506 3.3258508931487
9.06941763818769 3.12103118819703
9.07540405247032 2.91814721404766
9.08139046675295 2.71781357414946
9.08737688103558 2.52063714679908
9.09336329531821 2.3272152467097
9.09934970960085 2.13813381554873
9.10533612388348 1.95396564692611
9.11132253816611 1.77526865120998
9.11730895244874 1.60258416542638
9.12329536673137 1.43643531336274
9.129281781014 1.277325420843
9.13526819529663 1.12573649097489
9.14125460957927 0.98212774398855
9.1472410238619 0.846934226089641
9.15322743814453 0.720565491541378
9.15921385242716 0.60340436196779
9.16520026670979 0.495805766636828
9.17118668099242 0.398095667236494
9.17717309527505 0.310570070401283
9.18315950955768 0.233494130980368
9.18914592384032 0.16710134876412
9.19513233812295 0.111592861102418
9.20111875240558 0.0671368335577374
9.20710516668821 0.0338679504390237
9.21309158097084 0.0118870067598055
9.21907799525347 0.00126060285674275
9.2250644095361 0.00202094259383738
9.23105082381874 0.0141657357637324
9.23703723810137 0.0376582049818887
9.243023652384 0.07242719705289
9.24901006666663 0.118367398471649
9.25499648094926 0.175339654406833
9.26098289523189 0.243171390200356
9.26696930951452 0.321657134106218
9.27295572379716 0.410559139685305
9.27894213807979 0.509608105970861
9.28492855236242 0.618503993223174
9.29091496664505 0.736916931802446
9.29690138092768 0.864488221406727
9.30288779521031 1.00083141764805
9.30887420949294 1.14553350267536
9.31486062377557 1.29815613629812
9.32084703805821 1.45823698382078
9.32683345234084 1.62529111656573
9.33281986662347 1.79881248084234
9.3388062809061 1.97827543091211
9.34479269518873 2.16313632130638
9.35077910947136 2.35283515367295
9.35676552375399 2.54679727316299
9.36275193803663 2.74443510921941
9.36873835231926 2.94514995549348
9.37472476660189 3.1483337834977
9.38071118088452 3.35337108450108
9.38669759516715 3.55964073408707
9.39268400944978 3.76651787372601
9.39867042373241 3.97337580366218
9.40465683801505 4.17958788138135
9.41064325229768 4.38452941990802
9.41662966658031 4.58757958018154
9.42261608086294 4.78812325177882
9.42860249514557 4.98555291628609
9.4345889094282 5.1792704876753
9.44057532371083 5.36868912410969
9.44656173799346 5.55323500569035
9.4525481522761 5.73234907275821
9.45853456655873 5.90548871948551
9.46452098084136 6.07212943762655
9.47050739512399 6.23176640544792
9.47649380940662 6.38391601702498
9.48248022368925 6.52811734727174
9.48846663797188 6.66393354826606
9.49445305225452 6.79095317264012
9.50043946653715 6.9087914200271
9.50642588081978 7.01709130278821
9.51241229510241 7.11552472748834
9.51839870938504 7.2037934888444
9.52438512366767 7.28163017313494
9.5303715379503 7.34879896833446
9.53635795223293 7.40509637851788
9.54234436651557 7.45035184037098
9.5483307807982 7.48442823993913
9.55431719508083 7.50722232804843
9.56030360936346 7.51866503314117
9.56629002364609 7.51872167057718
9.57227643792872 7.50736376113935
9.57826285221135 7.48462579728278
9.58424926649399 7.45060501014906
9.59023568077662 7.40540448052299
9.59622209505925 7.34916115592915
9.60220850934188 7.28204543571398
9.60819492362451 7.20426065479288
9.61418133790714 7.11604246762683
9.62016775218977 7.01765813429456
9.62615416647241 6.90940571082321
9.63214058075504 6.79161314623028
9.63812699503767 6.66463728901264
9.6441134093203 6.52886280609199
9.65009982360293 6.38470101749209
9.65608623788556 6.23258865027781
9.66207265216819 6.07298651553091
9.66805906645082 5.90637811237041
9.67404548073346 5.73326816324673
9.68003189501609 5.55418108494632
9.68601830929872 5.36965939993918
9.69200472358135 5.18026209288137
9.69799113786398 4.98656291725154
9.70397755214661 4.78914865725123
9.70996396642924 4.58861735023397
9.71595038071188 4.38557647504836
9.72193679499451 4.18064111178297
9.72792320927714 3.97443207848792
9.73390962355977 3.76757405051746
9.7398960378424 3.56069366819073
9.74588245212503 3.35441763850315
9.75186886640766 3.14937083663884
9.7578552806903 2.94617441303525
9.76384169497293 2.74544391173409
9.76982810925556 2.54778740571884
9.77581452353819 2.35380365488707
9.78180093782082 2.16408029223795
9.78778735210345 1.97919204376914
9.79377376638608 1.79969898747571
9.79976018066871 1.6261448567248
9.80574659495135 1.45905539314571
9.81173300923398 1.29893675402488
9.81771942351661 1.14627397902995
9.82370583779924 1.00152952090786
9.82969225208187 0.865141844607564
9.8356786663645 0.737524099071098
9.84166508064713 0.619062865716296
9.84765149492977 0.510116987402349
9.8536379092124 0.411016481425437
9.85962432349503 0.322061539837175
9.86561073777766 0.243521620114088
9.87159715206029 0.175634628932581
9.87758356634292 0.118606201521894
9.88356998062555 0.0726090787779143
9.88955639490819 0.037782584024651
9.89554280919082 0.0142322010082416
9.90152922347345 0.00202925440175272
9.90751563775608 0.00121069378846579
9.91350205203871 0.0117789817778886
9.91948846632134 0.0337020865932798
9.92547488060397 0.0669135791530009
9.9314612948866 0.111312834351469
9.93744770916924 0.166765335929835
9.94343412345187 0.233103084012703
9.9494205377345 0.310125104076225
9.95540695201713 0.397598055805607
9.96139336629976 0.495256939997509
9.96737978058239 0.602805901365793
9.97336619486502 0.719919124818565
9.97935260914766 0.846241822491319
9.98533902343029 0.981391308546043
9.99132543771292 1.12495815848032
9.99731185199555 1.27650744943442
