0 7.53125
0.00997735713772033 7.49954189931296
0.0199547142754407 7.43639310348665
0.029932071413161 7.34233589384931
0.0399094285508813 7.21816294098241
0.0498867856886016 7.0649206245585
0.059864142826322 6.88390021584017
0.0698414999640423 6.67662699714058
0.0798188571017626 6.44484740992621
0.0897962142394829 6.19051433984865
0.0997735713772033 5.9157706626875
0.109750928514924 5.62293118983563
0.119728285652644 5.31446316544033
0.129705642790364 4.99296547951431
0.139682999928085 4.66114677214609
0.149660357065805 4.32180261328023
0.159637714203525 3.97779195032423
0.169615071341246 3.63201302200523
0.179592428478966 3.28737894139549
0.189569785616686 2.94679315381034
0.199547142754407 2.61312497633551
0.209524499892127 2.28918542505143
0.219501857029847 1.97770353359657
0.229479214167568 1.68130336257176
0.239456571305288 1.40248189346546
0.249433928443008 1.1435879933274
0.259411285580729 0.906802627395917
0.269388642718449 0.694120486370067
0.279365999856169 0.507333183098451
0.289343356993889 0.348014160234492
0.29932071413161 0.21750543599272
0.30929807126933 0.116906299654873
0.31927542840705 0.0470640520482356
0.329252785544771 0.00856686899020819
0.339230142682491 0.00173884780772817
0.349207499820211 0.0266372786485158
0.359184856957932 0.0830521635581544
0.369162214095652 0.170507987360617
0.379139571233372 0.288267725409556
0.389116928371092 0.43533905443329
0.399094285508813 0.610482714136719
0.409071642646533 0.812222949104664
0.419048999784253 1.03885994302612
0.429026356921974 1.28848414047514
0.439003714059694 1.55899233558287
0.448981071197414 1.84810539205106
0.458958428335135 2.15338744521453
0.468935785472855 2.47226642437572
0.478913142610575 2.8020557225126
0.488890499748295 3.13997683079599
0.498867856886016 3.4831827472255
0.508845214023736 3.82878196217254
0.518822571161456 4.17386281875987
0.528799928299177 4.51551804285013
0.538777285436897 4.85086923598838
0.548754642574617 5.17709112495624
0.558731999712338 5.49143536364703
0.568709356850058 5.79125368674371
0.578686713987778 6.07402022014287
0.588664071125498 6.33735276017307
0.598641428263219 6.5790328423442
0.608618785400939 6.79702443056251
0.618596142538659 6.98949106936913
0.62857349967638 7.15481135470819
0.6385508568141 7.29159259289753
0.64852821395182 7.39868253273828
0.658505571089541 7.47517907193349
0.668482928227261 7.52043785605145
0.678460285364981 7.53407770602403
0.688437642502701 7.51598382846422
0.698414999640422 7.46630878176565
0.708392356778142 7.38547118985348
0.718369713915862 7.27415221443112
0.728347071053583 7.13328981545054
0.738324428191303 6.96407084816694
0.748301785329023 6.7679210633643
0.758279142466744 6.54649309500266
0.768256499604464 6.30165253649254
0.778233856742184 6.03546222290436
0.788211213879904 5.75016485153396
0.798188571017625 5.44816408724378
0.808165928155345 5.13200431176372
0.818143285293065 4.80434918755907
0.828120642430786 4.46795921685929
0.838097999568506 4.12566848490613
0.848075356706226 3.78036078335142
0.858052713843947 3.43494531495653
0.868030070981667 3.09233218427218
0.878007428119387 2.75540788077979
0.887984785257107 2.42701096103844
0.897962142394828 2.10990813470475
0.907939499532548 1.80677095588986
0.917916856670268 1.52015331621774
0.927894213807989 1.25246992919443
0.937871570945709 1.00597598714654
0.947848928083429 0.782748162108193
0.95782628522115 0.584667110713532
0.96780364235887 0.413401630480801
0.97778099949659 0.270394600961871
0.98775835663431 0.156850828194002
0.997735713772031 0.0737268948561879
1.00771307090975 0.0217231016351534
1.01769042804747 0.00127756768852408
1.02766778518519 0.0125625399032841
1.03764514232291 0.0554829420395358
1.04762249946063 0.129677175979614
1.05759985659835 0.234520168329709
1.06757721373607 0.369128636705179
1.07755457087379 0.532368531331
1.08753192801151 0.722864589262905
1.09750928514923 0.93901192073704
1.10748664228696 1.17898953003631
1.11746399942468 1.44077565696437
1.1274413565624 1.72216480968056
1.13741871370012 2.02078634540022
1.14739607083784 2.3341244424251
1.15737342797556 2.65953929524704
1.16735078511328 2.99428935416482
1.177328142251 3.33555442205427
1.18730549938872 3.68045941371088
1.19728285652644 4.02609857760242
1.20726021366416 4.36955997597322
1.21723757080188 4.70795001706575
1.2272149279396 5.03841783278579
1.23719228507732 5.35817929643948
1.24716964221504 5.6645404782031
1.25714699935276 5.95492034072282
1.26712435649048 6.22687248364345
1.2771017136282 6.47810575387723
1.28707907076592 6.70650354797952
1.29705642790364 6.91014164401623
1.30703378504136 7.08730441269622
1.31701114217908 7.23649927119581
1.3269884993168 7.35646925790661
1.33696585645452 7.44620362216855
1.34694321359225 7.50494633977211
1.35692057072997 7.53220248248884
1.36689792786769 7.527742387967
1.37687528500541 7.4916035948609
1.38685264214313 7.42409052688856
1.39682999928085 7.32577192847703
1.40680735641857 7.19747607359603
1.41678471355629 7.0402837881408
1.42676207069401 6.85551934464465
1.43673942783173 6.64473930602635
1.44671678496945 6.40971941235629
1.45669414210717 6.1524396211117
1.46667149924489 5.87506742694769
1.47664885638261 5.57993960150511
1.48662621352033 5.26954250708706
1.49660357065805 4.94649115005047
1.50658092779577 4.61350715037687
1.51655828493349 4.27339581301753
1.52653564207121 3.92902249417545
1.53651299920893 3.58328846162714
1.54649035634665 3.2391064524497
1.55646771348437 2.89937613406891
1.56644507062209 2.56695967535823
1.57642242775981 2.24465763359282
1.58639978489753 1.93518536040146
1.59637714203526 1.64115012548806
1.60635449917298 1.36502915084775
1.6163318563107 1.10914874053269
1.62630921344842 0.875664681793715
1.63628657058614 0.666544082713759
1.64626392772386 0.483548799347556
1.65624128486158 0.328220591991946
1.6662186419993 0.201868135644232
1.67619599913702 0.105555994085887
1.68617335627474 0.0400956504865925
1.69615071341246 0.00603867009869553
1.70612807055018 0.00367205265057555
1.7161054276879 0.0330158136004185
1.72608278482562 0.0938228146349546
1.73606014196334 0.185580844848958
1.74603749910106 0.307516935080397
1.75601485623878 0.458603869062786
1.7659922133765 0.637568836549009
1.77596957051422 0.842904155515596
1.78594692765194 1.0728799731251
1.79592428478966 1.32555883845385
1.80590164192738 1.59881202422304
1.8158789990651 1.89033746003632
1.82585635620282 2.19767912605005
1.83583371334055 2.51824774369854
1.84581107047827 2.84934258916866
1.85578842761599 3.18817424585877
1.86576578475371 3.53188810414598
1.87574314189143 3.87758841048859
1.88572049902915 4.22236266326238
1.89569785616687 4.56330614980688
1.90567521330459 4.8975464179676
1.91565257044231 5.22226747597082
1.92562992758003 5.5347335167552
1.93560728471775 5.83231196688985
1.94558464185547 6.11249566589754
1.95556199899319 6.37292398912638
1.96553935613091 6.61140273621302
1.97551671326863 6.82592261757814
1.98549407040635 7.01467618320573
1.99547142754407 7.17607305107926
2.00544878468179 7.30875330697199
2.01542614181951 7.41159896269356
2.02540349895723 7.48374337625047
2.03538085609495 7.52457855454818
2.04535821323267 7.53376027709994
2.05533557037039 7.51121099756473
2.06531292750811 7.45712049865674
2.07529028464583 7.37194429489584
2.08526764178356 7.25639979664153
2.09524499892128 7.11146026771325
2.105222356059 6.93834662748817
2.11519971319672 6.73851716652699
2.12517707033444 6.51365526235653
2.13515442747216 6.26565519888578
2.14513178460988 5.99660620890927
2.1551091417476 5.70877487412161
2.16508649888532 5.4045860309053
2.17506385602304 5.08660234274314
2.18504121316076 4.75750271134048
2.19501857029848 4.42005970832743
2.2049959274362 4.07711621766295
2.21497328457392 3.7315614855142
2.22495064171164 3.38630677937715
2.23492799884936 3.04426086149799
2.24490535598708 2.70830548322088
2.2548827131248 2.38127110671257
2.26486007026252 2.06591305860056
2.27483742740024 1.76488831642405
2.28481478453796 1.48073312346771
2.29479214167568 1.21584162057038
2.3047694988134 0.972445674935427
2.31474685595112 0.752596075885948
2.32472421308885 0.558145255994083
2.33470157022657 0.390731683163906
2.34467892736429 0.251766055171746
2.35465628450201 0.142419412983875
2.36463364163973 0.0636132730076499
2.37461099877745 0.016011861424424
2.38458835591517 1.65160441590117e-05
2.39456571305289 0.0157623028618617
2.40454307019061 0.0631168073102049
2.41452042732833 0.141680907412767
2.42449778446605 0.250792482850923
2.43447514160377 0.389532064099956
2.44445249874149 0.556730580765865
2.45442985587921 0.750979212645519
2.46440721301693 0.970641260502198
2.47438457015465 1.2138659365342
2.48436192729237 1.47860395834269
2.49433928443009 1.76262481501231
2.50431664156781 2.06353555983255
2.51429399870553 2.37880097132795
2.52427135584325 2.70576491273899
2.53424871298097 3.04167271000078
2.54422607011869 3.38369435968773
2.55420342725641 3.72894837140149
2.56418078439413 4.07452604373668
2.57415814153186 4.41751596930728
2.58413549866958 4.75502856238843
2.5941128558073 5.08422040253989
2.60409021294502 5.40231818912832
2.61406757008274 5.70664210494591
2.62404492722046 5.99462839210175
2.63402228435818 6.26385095000014
2.6439996414959 6.51204177345995
2.65397699863362 6.73711005880121
2.66395435577134 6.93715981694841
2.67393171290906 7.11050584517831
2.68390907004678 7.25568792296901
2.6938864271845 7.37148311236844
2.70386378432222 7.45691605927019
2.71384114145994 7.51126720882614
2.72381849859766 7.53407886579857
2.73379585573538 7.52515904880968
2.7437732128731 7.48458310603263
2.75375057001082 7.41269307872646
2.76372792714854 7.31009481799113
2.77370528428626 7.17765287904625
2.78368264142398 7.01648323606077
2.7936599985617 6.8279438789207
2.80363735569942 6.61362337116574
2.81361471283715 6.37532746550068
2.82359206997487 6.11506388965149
2.83356942711259 5.83502543074851
2.84354678425031 5.5375714607532
2.85352414138803 5.22520805857678
2.86350149852575 4.90056689636101
2.87347885566347 4.56638306780116
2.88345621280119 4.22547204530353
2.89343356993891 3.88070596010752
2.90341092707663 3.53498940520527
2.91338828421435 3.19123496491082
2.92336564135207 2.85233867723254
2.93334299848979 2.52115563576778
2.94332035562751 2.20047593666206
2.95329771276523 1.89300117326728
2.96327506990295 1.60132167651817
2.97325242704067 1.32789469276326
2.98322978417839 1.07502368288773
2.99320714131611 0.844838917118865
3.00318449845383 0.639279528988072
3.01316185559155 0.460077179630385
3.02313921272927 0.308741470035289
3.03311656986699 0.186547224136493
3.04309392700471 0.0945237498669532
3.05307128414244 0.0334461686415836
3.06304864128016 0.00382888630429856
3.07302599841788 0.00592126053496898
3.0830033555556 0.0397055012075994
3.09298071269332 0.104896821379405
3.10295806983104 0.200945837629977
3.11293542696876 0.327043199520085
3.12291278410648 0.482126409160553
3.1328901412442 0.664888773431196
3.14286749838192 0.873790413423522
3.15284485551964 1.10707123835011
3.16282221265736 1.36276577461423
3.17279956979508 1.63871972510483
3.1827769269328 1.93260811920626
3.19275428407052 2.24195490061141
3.20273164120824 2.56415378791483
3.21270899834596 2.89649023224023
3.22268635548368 3.23616428691539
3.2326637126214 3.58031419652463
3.24264106975912 3.92604050660887
3.25261842689684 4.27043049089798
3.26259578403456 4.61058269028542
3.27257314117228 4.94363135681443
3.28255049831 5.26677059674585
3.29252785544772 5.57727800931312
3.30250521258545 5.87253762201921
3.31248256972317 6.15006192925701
3.32245992686089 6.40751284858912
3.33243728399861 6.6427214181416
3.34241464113633 6.85370606917226
3.35239199827405 7.03868931987768
3.36236935541177 7.19611274980377
3.37234671254949 7.32465012871029
3.38232406968721 7.42321858928732
3.39230142682493 7.49098774960207
3.40227878396265 7.52738670842635
3.41225614110037 7.53210885451596
3.42223349823809 7.50511444932893
3.43221085537581 7.4466309614277
3.44218821251353 7.3571511497515
3.45216556965125 7.23742891190923
3.46214292678897 7.08847293247244
3.47212028392669 6.9115381847814
3.48209764106441 6.7081153578605
3.49207499820213 6.47991829751907
3.50205235533985 6.22886956744299
3.51202971247757 5.95708425192083
3.52200706961529 5.6668521366611
3.53198442675301 5.36061841782132
3.54196178389074 5.04096310176818
3.55193914102846 4.71057926911832
3.56191649816618 4.37225038617662
3.5718938553039 4.02882685491443
3.58187121244162 3.68320199904461
3.59184856957934 3.33828768850113
3.60182592671706 2.99698980767693
3.61180328385478 2.66218377409013
3.6217806409925 2.33669031372364
3.63175799813022 2.02325169712106
3.64173535526794 1.72450863643991
3.65171271240566 1.44297803809512
3.66169006954338 1.18103179841768
3.6716674266811 0.94087682096673
3.68164478381882 0.724536423841215
3.69162214095654 0.533833293627537
3.70159949809426 0.370374129589891
3.71157685523198 0.23553610747055
3.7215542123697 0.130455276938166
3.73153156950742 0.056016990432134
3.74150892664514 0.0128484440376068
3.75148628378286 0.00131339323298739
3.76146364092058 0.0215090880295087
3.7714409980583 0.0732654533252573
3.78141835519602 0.156146521381169
3.79139571233375 0.269454104353489
3.80137306947147 0.412233675945793
3.81135042660919 0.583282412632842
3.82132778374691 0.781159326715148
3.83130514088463 1.00419740584038
3.84128249802235 1.25051765672404
3.85125985516007 1.5180449347599
3.86123721229779 1.80452542616497
3.87121456943551 2.10754563538202
3.88119192657323 2.42455271778124
3.89116928371095 2.75287598636884
3.90114664084867 3.08974941131957
3.91112399798639 3.43233492278602
3.92110135512411 3.77774632066961
3.93107871226183 4.12307358992456
3.94105606939955 4.46540741654953
3.95103342653727 4.80186369772999
3.96101078367499 5.12960783964369
3.97098814081271 5.44587863822962
3.98096549795043 5.74801154173392
3.99094285508815 6.03346109905373
4.00092021222587 6.29982240475896
4.01089756936359 6.54485136012383
4.02087492650131 6.76648357947423
4.03085228363904 6.96285178256878
4.04082964077676 7.13230152648585
4.05080699791448 7.27340514447705
4.0607843550522 7.38497377435256
4.07076171218992 7.46606737505861
4.08073906932764 7.51600264705508
4.09071642646536 7.53435878976073
4.10069378360308 7.52098104755497
4.1106711407408 7.47598201445527
4.12064849787852 7.39974068647113
4.13062585501624 7.29289926961059
4.14060321215396 7.15635777042244
4.15058056929168 6.99126641463886
4.1605579264294 6.79901595778009
4.17053528356712 6.58122596934289
4.18051264070484 6.33973118926565
4.19048999784256 6.07656607160416
4.20046735498028 5.79394764562406
4.210444712118 5.49425683869154
4.22042206925572 5.1800184183031
4.23039942639344 4.85387972222878
4.24037678353116 4.51858835595381
4.25035414066888 4.17696904530407
4.2603314978066 3.83189983925899
4.27030885494433 3.4862878634306
4.28028621208205 3.14304482847371
4.29026356921977 2.80506249975805
4.30024092635749 2.47518833495981
4.31021828349521 2.15620149481718
4.32019564063293 1.85078942915094
4.33017299777065 1.56152523540645
4.34015035490837 1.29084598046565
4.35012771204609 1.04103216836391
4.36010506918381 0.814188526893642
4.37008242632153 0.612226274966431
4.38005978345925 0.43684702013165
4.39003714059697 0.289528421916914
4.40001449773469 0.171511741780346
4.40999185487241 0.083791384571351
4.41996921201013 0.0271065196196893
4.42994656914785 0.0019348520532455
4.43992392628557 0.00848859683058249
4.44990128342329 0.0467126894178589
4.45987864056101 0.116285248197193
4.46985599769873 0.21662028472387
4.47983335483645 0.346872639012689
4.48981071197417 0.505945098288806
4.49978806911189 0.692497639243495
4.50976542624961 0.904958715945373
4.51974278338734 1.14153849832347
4.52972014052506 1.40024394970528
4.53969749766278 1.67889561639907
4.5496748548005 1.97514598788568
4.55965221193822 2.2864992729527
4.56962956907594 2.61033242517391
4.57960692621366 2.94391724061107
4.58958428335138 3.28444334158051
4.5995616404891 3.62904185286157
4.60953899762682 3.97480957088868
4.61951635476454 4.31883342231467
4.62949371190226 4.65821500589347
4.63947106903998 4.99009501092716
4.6494484261777 5.31167730656064
4.65942578331542 5.62025249897875
4.66940314045314 5.91322075804194
4.67938049759086 6.1881137210496
4.68935785472858 6.44261528909371
4.6993352118663 6.67458114079356
4.70931256900402 6.88205679900613
4.71928992614174 7.06329409829639
4.72926728327946 7.21676591442317
4.73924464041718 7.34117903173718
4.7492219975549 7.43548504007353
4.75919935469263 7.49888916932156
4.76917671183035 7.53085698722753
4.77915406896807 7.53111890398671
4.78913142610579 7.49954189931297
4.79910878324351 7.43639310348665
4.80908614038123 7.34233589384931
4.81906349751895 7.2181629409824
4.82904085465667 7.06492062455849
4.83901821179439 6.88390021584016
4.84899556893211 6.67662699714058
4.85897292606983 6.44484740992619
4.86895028320755 6.19051433984863
4.87892764034527 5.91577066268748
4.88890499748299 5.62293118983561
4.89888235462071 5.31446316544031
4.90885971175843 4.99296547951429
4.91883706889615 4.66114677214606
4.92881442603387 4.32180261328021
4.93879178317159 3.9777919503242
4.94876914030931 3.63201302200521
4.95874649744703 3.28737894139547
4.96872385458475 2.94679315381031
4.97870121172247 2.61312497633549
4.98867856886019 2.2891854250514
4.99865592599792 1.97770353359655
5.00863328313564 1.68130336257174
5.01861064027336 1.40248189346544
5.02858799741108 1.14358799332738
5.0385653545488 0.906802627395899
5.04854271168652 0.69412048637005
5.05852006882424 0.507333183098437
5.06849742596196 0.34801416023448
5.07847478309968 0.217505435992711
5.0884521402374 0.116906299654866
5.09842949737512 0.0470640520482309
5.10840685451284 0.00856686899020599
5.11838421165056 0.00173884780772852
5.12836156878828 0.0266372786485187
5.138338925926 0.0830521635581598
5.14831628306372 0.170507987360625
5.15829364020144 0.288267725409566
5.16827099733916 0.435339054433303
5.17824835447688 0.610482714136734
5.1882257116146 0.812222949104681
5.19820306875232 1.03885994302614
5.20818042589004 1.28848414047516
5.21815778302776 1.55899233558289
5.22813514016548 1.84810539205108
5.2381124973032 2.15338744521455
5.24808985444093 2.47226642437575
5.25806721157865 2.80205572251263
5.26804456871637 3.13997683079602
5.27802192585409 3.48318274722553
5.28799928299181 3.82878196217257
5.29797664012953 4.1738628187599
5.30795399726725 4.51551804285016
5.31793135440497 4.85086923598841
5.32790871154269 5.17709112495626
5.33788606868041 5.49143536364705
5.34786342581813 5.79125368674374
5.35784078295585 6.07402022014289
5.36781814009357 6.3373527601731
5.37779549723129 6.57903284234422
5.38777285436901 6.79702443056254
5.39775021150673 6.98949106936914
5.40772756864445 7.15481135470821
5.41770492578217 7.29159259289754
5.42768228291989 7.39868253273829
5.43765964005761 7.47517907193351
5.44763699719533 7.52043785605146
5.45761435433305 7.53407770602404
5.46759171147077 7.51598382846423
5.47756906860849 7.46630878176565
5.48754642574622 7.38547118985348
5.49752378288394 7.27415221443112
5.50750114002166 7.13328981545053
5.51747849715938 6.96407084816693
5.5274558542971 6.76792106336429
5.53743321143482 6.54649309500264
5.54741056857254 6.30165253649252
5.55738792571026 6.03546222290434
5.56736528284798 5.75016485153394
5.5773426399857 5.44816408724376
5.58731999712342 5.13200431176371
5.59729735426114 4.80434918755904
5.60727471139886 4.46795921685927
5.61725206853658 4.12566848490612
5.6272294256743 3.7803607833514
5.63720678281202 3.4349453149565
5.64718413994974 3.09233218427216
5.65716149708746 2.75540788077977
5.66713885422518 2.42701096103842
5.6771162113629 2.10990813470473
5.68709356850062 1.80677095588984
5.69707092563834 1.52015331621772
5.70704828277606 1.25246992919441
5.71702563991378 1.00597598714652
5.72700299705151 0.78274816210818
5.73698035418923 0.58466711071352
5.74695771132695 0.413401630480791
5.75693506846467 0.270394600961862
5.76691242560239 0.156850828193995
5.77688978274011 0.0737268948561827
5.78686713987783 0.0217231016351502
5.79684449701555 0.00127756768852284
5.80682185415327 0.0125625399032849
5.81679921129099 0.0554829420395386
5.82677656842871 0.129677175979618
5.83675392556643 0.234520168329716
5.84673128270415 0.369128636705188
5.85670863984187 0.53236853133101
5.86668599697959 0.722864589262918
5.87666335411731 0.939011920737055
5.88664071125503 1.17898953003633
5.89661806839275 1.44077565696439
5.90659542553047 1.72216480968057
5.91657278266819 2.02078634540024
5.92655013980591 2.33412444242512
5.93652749694363 2.65953929524706
5.94650485408135 2.99428935416484
5.95648221121907 3.33555442205429
5.96645956835679 3.68045941371091
5.97643692549452 4.02609857760245
5.98641428263224 4.36955997597324
5.99639163976996 4.70795001706578
6.00636899690768 5.03841783278582
6.0163463540454 5.3581792964395
6.02632371118312 5.66454047820312
6.03630106832084 5.95492034072285
6.04627842545856 6.22687248364347
6.05625578259628 6.47810575387725
6.066233139734 6.70650354797954
6.07621049687172 6.91014164401624
6.08618785400944 7.08730441269624
6.09616521114716 7.23649927119583
6.10614256828488 7.35646925790663
6.1161199254226 7.44620362216855
6.12609728256032 7.50494633977212
6.13607463969804 7.53220248248885
6.14605199683576 7.52774238796702
6.15602935397348 7.49160359486091
6.1660067111112 7.42409052688858
6.17598406824892 7.32577192847704
6.18596142538664 7.19747607359604
6.19593878252436 7.04028378814081
6.20591613966208 6.85551934464465
6.21589349679981 6.64473930602635
6.22587085393753 6.40971941235629
6.23584821107525 6.15243962111169
6.24582556821297 5.87506742694768
6.25580292535069 5.57993960150511
6.26578028248841 5.26954250708706
6.27575763962613 4.94649115005046
6.28573499676385 4.61350715037686
6.29571235390157 4.27339581301752
6.30568971103929 3.92902249417544
6.31566706817701 3.58328846162713
6.32564442531473 3.2391064524497
6.33562178245245 2.8993761340689
6.34559913959017 2.56695967535822
6.35557649672789 2.24465763359281
6.36555385386561 1.93518536040145
6.37553121100333 1.64115012548805
6.38550856814105 1.36502915084774
6.39548592527877 1.10914874053268
6.40546328241649 0.875664681793708
6.41544063955421 0.666544082713752
6.42541799669193 0.48354879934755
6.43539535382965 0.32822059199194
6.44537271096737 0.201868135644227
6.4553500681051 0.105555994085883
6.46532742524282 0.0400956504865894
6.47530478238054 0.00603867009869351
6.48528213951826 0.00367205265057466
6.49525949665598 0.0330158136004188
6.5052368537937 0.0938228146349561
6.51521421093142 0.185580844848961
6.52519156806914 0.307516935080401
6.53516892520686 0.458603869062791
6.54514628234458 0.637568836549015
6.5551236394823 0.842904155515603
6.56510099662002 1.07287997312511
6.57507835375774 1.32555883845386
6.58505571089546 1.59881202422305
6.59503306803318 1.89033746003633
6.6050104251709 2.19767912605006
6.61498778230862 2.51824774369856
6.62496513944634 2.84934258916867
6.63494249658406 3.18817424585878
6.64491985372178 3.53188810414599
6.6548972108595 3.87758841048861
6.66487456799722 4.2223626632624
6.67485192513494 4.56330614980689
6.68482928227266 4.89754641796762
6.69480663941038 5.22226747597084
6.70478399654811 5.53473351675521
6.71476135368583 5.83231196688986
6.72473871082355 6.11249566589755
6.73471606796127 6.3729239891264
6.74469342509899 6.61140273621303
6.75467078223671 6.82592261757816
6.76464813937443 7.01467618320575
6.77462549651215 7.17607305107928
6.78460285364987 7.30875330697202
6.79458021078759 7.41159896269357
6.80455756792531 7.48374337625048
6.81453492506303 7.5245785545482
6.82451228220075 7.53376027709996
6.83448963933847 7.51121099756475
6.84446699647619 7.45712049865676
6.85444435361391 7.37194429489586
6.86442171075163 7.25639979664155
6.87439906788935 7.11146026771327
6.88437642502707 6.93834662748818
6.89435378216479 6.73851716652701
6.90433113930251 6.51365526235655
6.91430849644023 6.26565519888579
6.92428585357795 5.99660620890929
6.93426321071567 5.70877487412162
6.9442405678534 5.40458603090532
6.95421792499112 5.08660234274315
6.96419528212884 4.7575027113405
6.97417263926656 4.42005970832744
6.98414999640428 4.07711621766296
6.994127353542 3.73156148551421
7.00410471067972 3.38630677937716
7.01408206781744 3.044260861498
7.02405942495516 2.70830548322089
7.03403678209288 2.38127110671258
7.0440141392306 2.06591305860057
7.05399149636832 1.76488831642406
7.06396885350604 1.48073312346771
7.07394621064376 1.21584162057039
7.08392356778148 0.972445674935434
7.0939009249192 0.752596075885955
7.10387828205692 0.558145255994089
7.11385563919464 0.390731683163911
7.12383299633236 0.25176605517175
7.13381035347008 0.142419412983878
7.1437877106078 0.063613273007652
7.15376506774552 0.0160118614244251
7.16374242488324 1.65160441592108e-05
7.17371978202096 0.015762302861861
7.18369713915869 0.0631168073102035
7.19367449629641 0.141680907412764
7.20365185343413 0.25079248285092
7.21362921057185 0.389532064099952
7.22360656770957 0.556730580765861
7.23358392484729 0.750979212645515
7.24356128198501 0.970641260502192
7.25353863912273 1.2138659365342
7.26351599626045 1.47860395834269
7.27349335339817 1.7626248150123
7.28347071053589 2.06353555983254
7.29344806767361 2.37880097132794
7.30342542481133 2.70576491273898
7.31340278194905 3.04167271000078
7.32338013908677 3.38369435968773
7.33335749622449 3.72894837140148
7.34333485336221 4.07452604373668
7.35331221049993 4.41751596930727
7.36328956763765 4.75502856238843
7.37326692477537 5.08422040253989
7.38324428191309 5.40231818912832
7.39322163905081 5.70664210494591
7.40319899618853 5.99462839210174
7.41317635332625 6.26385095000014
7.42315371046397 6.51204177345995
7.4331310676017 6.73711005880122
7.44310842473942 6.93715981694841
7.45308578187714 7.11050584517831
7.46306313901486 7.25568792296901
7.47304049615258 7.37148311236844
7.4830178532903 7.45691605927019
7.49299521042802 7.51126720882616
7.50297256756574 7.53407886579858
7.51294992470346 7.52515904880969
7.52292728184118 7.48458310603264
7.5329046389789 7.41269307872648
7.54288199611662 7.31009481799115
7.55285935325434 7.17765287904628
7.56283671039206 7.01648323606078
7.57281406752978 6.82794387892072
7.5827914246675 6.61362337116575
7.59276878180522 6.3753274655007
7.60274613894294 6.11506388965151
7.61272349608066 5.83502543074853
7.62270085321838 5.53757146075322
7.6326782103561 5.22520805857681
7.64265556749382 4.90056689636103
7.65263292463154 4.56638306780118
7.66261028176926 4.22547204530355
7.67258763890699 3.88070596010754
7.68256499604471 3.53498940520529
7.69254235318243 3.19123496491084
7.70251971032015 2.85233867723255
7.71249706745787 2.52115563576779
7.72247442459559 2.20047593666207
7.73245178173331 1.89300117326729
7.74242913887103 1.60132167651818
7.75240649600875 1.32789469276327
7.76238385314647 1.07502368288774
7.77236121028419 0.844838917118874
7.78233856742191 0.639279528988079
7.79231592455963 0.460077179630392
7.80229328169735 0.308741470035294
7.81227063883507 0.186547224136497
7.82224799597279 0.0945237498669559
7.83222535311051 0.0334461686415851
7.84220271024823 0.00382888630429911
7.85218006738595 0.00592126053496858
7.86215742452367 0.0397055012075981
7.87213478166139 0.104896821379403
7.88211213879911 0.200945837629974
7.89208949593683 0.327043199520081
7.90206685307455 0.482126409160549
7.91204421021227 0.664888773431191
7.92202156735 0.873790413423518
7.93199892448772 1.10707123835011
7.94197628162544 1.36276577461422
7.95195363876316 1.63871972510482
7.96193099590088 1.93260811920625
7.9719083530386 2.24195490061141
7.98188571017632 2.56415378791483
7.99186306731404 2.89649023224022
8.00184042445176 3.23616428691539
8.01181778158948 3.58031419652463
8.0217951387272 3.92604050660887
8.03177249586492 4.27043049089798
8.04174985300264 4.61058269028542
8.05172721014036 4.94363135681443
8.06170456727808 5.26677059674586
8.0716819244158 5.57727800931312
8.08165928155351 5.87253762201922
8.09163663869123 6.15006192925702
8.10161399582895 6.40751284858913
8.11159135296667 6.64272141814161
8.12156871010439 6.85370606917228
8.13154606724211 7.0386893198777
8.14152342437983 7.19611274980379
8.15150078151755 7.32465012871031
8.16147813865527 7.42321858928735
8.17145549579299 7.49098774960208
8.18143285293071 7.52738670842637
8.19141021006843 7.53210885451599
8.20138756720615 7.50511444932896
8.21136492434387 7.44663096142774
8.22134228148159 7.35715114975153
8.23131963861931 7.23742891190926
8.24129699575703 7.08847293247247
8.25127435289475 6.91153818478143
8.26125171003247 6.70811535786053
8.27122906717019 6.4799182975191
8.28120642430791 6.22886956744302
8.29118378144562 5.95708425192086
8.30116113858334 5.66685213666114
8.31113849572106 5.36061841782136
8.32111585285878 5.04096310176822
8.3310932099965 4.71057926911836
8.34107056713422 4.37225038617666
8.35104792427194 4.02882685491447
8.36102528140966 3.68320199904465
8.37100263854738 3.33828768850117
8.3809799956851 2.99698980767697
8.39095735282282 2.66218377409016
8.40093470996054 2.33669031372367
8.41091206709826 2.02325169712109
8.42088942423598 1.72450863643994
8.4308667813737 1.44297803809514
8.44084413851142 1.1810317984177
8.45082149564914 0.940876820966748
8.46079885278686 0.724536423841229
8.47077620992458 0.533833293627549
8.4807535670623 0.370374129589901
8.49073092420002 0.235536107470558
8.50070828133773 0.130455276938171
8.51068563847545 0.0560169904321368
8.52066299561317 0.0128484440376075
8.53064035275089 0.00131339323298596
8.54061770988861 0.0215090880295053
8.55059506702633 0.073265453325252
8.56057242416405 0.156146521381162
8.57054978130177 0.26945410435348
8.58052713843949 0.412233675945783
8.59050449557721 0.583282412632831
8.60048185271493 0.781159326715136
8.61045920985265 1.00419740584036
8.62043656699037 1.25051765672403
8.63041392412809 1.51804493475989
8.64039128126581 1.80452542616495
8.65036863840353 2.107545635382
8.66034599554125 2.42455271778123
8.67032335267897 2.75287598636883
8.68030070981669 3.08974941131956
8.69027806695441 3.43233492278601
8.70025542409213 3.7777463206696
8.71023278122984 4.12307358992455
8.72021013836756 4.46540741654952
8.73018749550528 4.80186369772999
8.740164852643 5.12960783964368
8.75014220978072 5.44587863822962
8.76011956691844 5.74801154173393
8.77009692405616 6.03346109905374
8.78007428119388 6.29982240475896
8.7900516383316 6.54485136012385
8.80002899546932 6.76648357947425
8.81000635260704 6.9628517825688
8.81998370974476 7.13230152648587
8.82996106688248 7.27340514447707
8.8399384240202 7.38497377435258
8.84991578115792 7.46606737505864
8.85989313829564 7.5160026470551
8.86987049543336 7.53435878976076
8.87984785257108 7.520981047555
8.8898252097088 7.4759820144553
8.89980256684652 7.39974068647116
8.90977992398424 7.29289926961062
8.91975728112195 7.15635777042248
8.92973463825967 6.9912664146389
8.93971199539739 6.79901595778013
8.94968935253511 6.58122596934293
8.95966670967283 6.33973118926569
8.96964406681055 6.0765660716042
8.97962142394827 5.7939476456241
8.98959878108599 5.49425683869159
8.99957613822371 5.18001841830315
9.00955349536143 4.85387972222882
9.01953085249915 4.51858835595385
9.02950820963687 4.17696904530411
9.03948556677459 3.83189983925904
9.04946292391231 3.48628786343063
9.05944028105003 3.14304482847375
9.06941763818775 2.80506249975809
9.07939499532547 2.47518833495985
9.08937235246319 2.15620149481721
9.09934970960091 1.85078942915097
9.10932706673863 1.56152523540648
9.11930442387635 1.29084598046568
9.12928178101406 1.04103216836394
9.13925913815178 0.814188526893662
9.1492364952895 0.61222627496645
9.15921385242722 0.436847020131665
9.16919120956494 0.289528421916926
9.17916856670266 0.171511741780355
9.18914592384038 0.0837913845713571
9.1991232809781 0.0271065196196924
9.20910063811582 0.00193485205324574
9.21907799525354 0.00848859683057991
9.22905535239126 0.0467126894178536
9.23903270952898 0.116285248197185
9.2490100666667 0.21662028472386
9.25898742380442 0.346872639012677
9.26896478094214 0.505945098288792
9.27894213807986 0.692497639243478
9.28891949521758 0.904958715945355
9.2988968523553 1.14153849832345
9.30887420949302 1.40024394970526
9.31885156663074 1.67889561639905
9.32882892376846 1.97514598788566
9.33880628090617 2.28649927295267
9.34878363804389 2.61033242517389
9.35876099518161 2.94391724061105
9.36873835231933 3.28444334158049
9.37871570945705 3.62904185286154
9.38869306659477 3.97480957088866
9.39867042373249 4.31883342231465
9.40864778087021 4.65821500589345
9.41862513800793 4.99009501092714
9.42860249514565 5.31167730656062
9.43857985228337 5.62025249897873
9.44855720942109 5.91322075804193
9.45853456655881 6.18811372104959
9.46851192369653 6.44261528909371
9.47848928083425 6.67458114079356
9.48846663797197 6.88205679900613
9.49844399510969 7.06329409829638
9.50842135224741 7.21676591442318
9.51839870938513 7.34117903173719
9.52837606652285 7.43548504007354
9.53835342366057 7.49888916932157
9.54833078079828 7.53085698722755
9.558308137936 7.53111890398672
9.56828549507372 7.49954189931298
9.57826285221144 7.43639310348666
9.58824020934916 7.34233589384933
9.59821756648688 7.21816294098242
9.6081949236246 7.06492062455852
9.61817228076232 6.88390021584018
9.62814963790004 6.6766269971406
9.63812699503776 6.44484740992623
9.64810435217548 6.19051433984866
9.6580817093132 5.91577066268752
9.66805906645092 5.62293118983564
9.67803642358864 5.31446316544035
9.68801378072636 4.99296547951432
9.69799113786408 4.66114677214609
9.7079684950018 4.32180261328024
9.71794585213952 3.97779195032423
9.72792320927724 3.63201302200524
9.73790056641496 3.2873789413955
9.74787792355268 2.94679315381034
9.75785528069039 2.61312497633552
9.76783263782811 2.28918542505143
9.77780999496583 1.97770353359657
9.78778735210355 1.68130336257176
9.79776470924127 1.40248189346546
9.80774206637899 1.1435879933274
9.81771942351671 0.906802627395918
9.82769678065443 0.694120486370066
9.83767413779215 0.50733318309845
9.84765149492987 0.34801416023449
9.85762885206759 0.217505435992719
9.86760620920531 0.116906299654871
9.87758356634303 0.0470640520482336
9.88756092348075 0.0085668689902062
9.89753828061847 0.00173884780772625
9.90751563775619 0.026637278648514
9.91749299489391 0.0830521635581528
9.92747035203163 0.170507987360616
9.93744770916935 0.288267725409555
9.94742506630707 0.43533905443329
9.95740242344479 0.61048271413672
9.9673797805825 0.812222949104665
9.97735713772022 1.03885994302612
9.98733449485794 1.28848414047514
9.99731185199566 1.55899233558287
