0 1.87500095152624
0.025 1.87517889720277
0.05 1.87546779880154
0.075 1.87579448202389
0.1 1.87608428960292
0.125 1.87627967202904
0.15 1.87634477093779
0.175 1.87627225379093
0.2 1.87608041258457
0.225 1.875807407911
0.25 1.87550252282737
0.275 1.87521382194781
0.3 1.87498053522017
0.325 1.87482290813768
0.35 1.87474235559017
0.375 1.8747194767554
0.4 1.87472524131736
0.425 1.87473433803616
0.45 1.87476825542326
0.475 1.87503201400058
0.5 1.87644146388797
0.525 1.8819590102303
0.55 1.89849122972815
0.575 1.93764178004649
0.6 2.01369054187425
0.625 2.13988804391443
0.65 2.32575955676882
0.675 2.5756822544364
0.7 2.88668552707419
0.725 3.24520485417982
0.75 3.62554690183328
0.775 3.99293821182381
0.8 4.31004887509358
0.825 4.54277732611061
0.85 4.66388564579406
0.875 4.65681600764349
0.9 4.52051378309163
0.925 4.27178344479451
0.950000000000001 3.94156039629681
0.975000000000001 3.56707049585654
1 3.18499997297437
1.025 2.82762800496582
1.05 2.51983745609881
1.075 2.27600472091696
1.1 2.09910250621965
1.125 1.98300212901366
1.15 1.9159392624496
1.175 1.8835847762429
1.2 1.87198168504916
1.225 1.87004212896982
1.25 1.87080712945931
1.275 1.87128436372546
1.3 1.87108478572704
1.325 1.87078112770832
1.35 1.87073996889934
1.375 1.8708150572962
1.4 1.87080637847063
1.425 1.87076356483498
1.45 1.87077084120002
1.475 1.87079480320313
1.5 1.87078453859793
1.525 1.87077090983545
1.55 1.8707818160875
1.575 1.8707778998624
1.6 1.87077370181885
1.625 1.87078284822116
1.65 1.87078140924727
1.675 1.8707777898547
1.7 1.87077881653348
1.725 1.87077864788671
1.75 1.87077698743454
1.775 1.87078113951047
1.8 1.8707796575615
1.825 1.87077810057231
1.85 1.87078025343351
1.875 1.87077793935713
1.9 1.87078095112658
1.925 1.87078151598771
1.95 1.87078044424168
1.975 1.87078219831173
2 1.87078349298667
2.025 1.87079209743716
2.05 1.8708107542669
2.075 1.87084811606228
2.1 1.87092211261773
2.125 1.87104899320477
2.15 1.87125020371253
2.175 1.8715378591489
2.2 1.87191467020318
2.225 1.87237041233633
2.25 1.87287643987647
2.275 1.87339043189995
2.3 1.87385969695474
2.325 1.8742286637063
2.35 1.87445216395321
2.375 1.87450286216257
2.4 1.87438142985471
2.425 1.87412257881725
2.45 1.87378811112118
2.475 1.87346449304944
2.5 1.87322510954882
2.525 1.87312176548256
2.54999999999999 1.87316337558907
2.57499999999999 1.87333100112481
2.59999999999999 1.87359050739987
2.62499999999999 1.87389790395168
2.64999999999999 1.874208018029
2.67499999999999 1.87446811221834
2.69999999999999 1.87465321286182
2.72499999999999 1.87475461057552
2.74999999999999 1.87478493851028
2.77499999999999 1.87475168030563
2.79999999999999 1.87464283029647
2.82499999999999 1.87436567344868
2.84999999999999 1.87360950906997
2.87499999999999 1.87160735824032
2.89999999999999 1.86672225256899
2.92499999999999 1.85587099525974
2.94999999999999 1.83390939286493
2.97499999999999 1.79338938713981
2.99999999999999 1.72511786272899
3.02499999999999 1.61989261102237
3.04999999999999 1.47120197657911
3.07499999999999 1.27807770972521
3.09999999999999 1.0470758492858
3.12499999999999 0.792793754393522
3.14999999999999 0.536863237409644
3.17499999999999 0.305548155188091
3.19999999999999 0.126041310769161
3.22499999999999 0.0218279085045875
3.24999999999999 0.00812958086179505
3.27499999999999 0.0886421483660632
3.29999999999999 0.254362401523376
3.32499999999999 0.484850891067228
3.34999999999999 0.752022721987517
3.37499999999999 1.02569126373601
3.39999999999999 1.27920903967048
3.42499999999999 1.49349006626617
3.44999999999999 1.65863244849229
3.47499999999999 1.77335643365333
3.49999999999999 1.84309795456359
3.52499999999999 1.87767730600253
3.54999999999999 1.88887401740717
3.57499999999999 1.88784125240789
3.59999999999999 1.88292045821655
3.62499999999999 1.87881227919271
3.64999999999999 1.87710646522186
3.67499999999999 1.87740471130895
3.69999999999999 1.87844945791738
3.72499999999999 1.87912276986298
3.74999999999999 1.87908656025086
3.77499999999999 1.87873028693392
3.79999999999999 1.87852979731512
3.82499999999999 1.87858176021431
3.84999999999999 1.87872209023509
3.87499999999999 1.87878649889212
3.89999999999999 1.87872316778257
3.92499999999999 1.87863870354258
3.94999999999999 1.87866383730342
3.97499999999999 1.87873089736941
3.99999999999999 1.87871778520847
4.02499999999999 1.87867281449233
4.04999999999999 1.87867996665755
4.07499999999999 1.87870681101803
4.09999999999999 1.87870329338371
4.12499999999999 1.87868722461271
4.14999999999999 1.87868791798709
4.17499999999999 1.87869881934172
4.19999999999999 1.8787003764852
4.22499999999999 1.87868916246926
4.24999999999999 1.87868792731417
4.27499999999999 1.87870084909742
4.29999999999999 1.87869383198539
4.32499999999999 1.87868248300189
4.34999999999999 1.878693257139
4.37499999999999 1.87868804940905
4.4 1.87866548890166
4.425 1.87865195998706
4.45 1.87861111983758
4.475 1.87852681115556
4.5 1.87840786274996
4.525 1.87821906470866
4.55 1.87794601428801
4.575 1.87759377934512
4.6 1.87716089260483
4.625 1.87667274482472
4.65 1.87616608834775
4.675 1.87569377620589
4.7 1.87530686671498
4.725 1.87504725088241
4.75 1.8749553548129
4.775 1.87503137299732
4.8 1.87525008059598
4.825 1.87556934541817
4.85 1.87590708676284
4.875 1.87618519783692
4.9 1.87634814445153
4.925 1.8763519735275
4.95 1.87620677447774
4.975 1.87595487352477
5 1.87564083733047
5.025 1.87532425382181
5.05 1.87504812425982
5.075 1.87483456184643
5.1 1.87472015005214
5.12500000000001 1.87472299323543
5.15000000000001 1.87488116690007
5.17500000000001 1.87532113465406
5.20000000000001 1.87634514501848
5.22500000000001 1.87868691983807
5.25000000000001 1.88382804702359
5.27500000000001 1.89451939494848
5.30000000000001 1.91543658125758
5.32500000000001 1.95375098937113
5.35000000000001 2.01939533666662
5.37500000000001 2.12450588699396
5.40000000000001 2.28158356461387
5.42500000000001 2.50017530866437
5.45000000000001 2.78263012076154
5.47500000000001 3.12040570615103
5.50000000000001 3.49249242706571
5.52500000000001 3.86698363477016
5.55000000000001 4.2057640478588
5.57500000000001 4.47112353260386
5.60000000000001 4.63235458017904
5.62500000000001 4.67055579265784
5.65000000000001 4.58112064301269
5.67500000000001 4.37403067920392
5.70000000000001 4.07212954419141
5.72500000000001 3.70752494502596
5.75000000000001 3.31677590577623
5.77500000000001 2.93590660559525
5.80000000000001 2.59571969525936
5.82500000000002 2.31776018521492
5.85000000000002 2.11174767834475
5.87500000000002 1.97561058211477
5.90000000000002 1.89833075566825
5.92500000000002 1.86420185089999
5.95000000000002 1.85686388174
5.97500000000002 1.86224898943337
6.00000000000002 1.87030640654852
6.02500000000002 1.87559551311728
6.05000000000002 1.87669858565416
6.07500000000002 1.87483980204561
6.10000000000002 1.87218779491095
6.12500000000002 1.87041036976183
6.15000000000002 1.87002396894825
6.17500000000002 1.87057094686137
6.20000000000002 1.8712384194138
6.22500000000002 1.87142015445481
6.25000000000002 1.87107327802012
6.27500000000002 1.87065280736616
6.30000000000002 1.87057733417039
6.32500000000002 1.87079284637961
6.35000000000002 1.87096167132991
6.37500000000002 1.87092462388792
6.40000000000002 1.87080168606556
6.42500000000002 1.87074145820983
6.45000000000002 1.87077390244527
6.47500000000002 1.87083447369689
6.50000000000002 1.87083529668233
6.52500000000003 1.87077750477569
6.55000000000003 1.87074698345409
6.57500000000003 1.87079145905012
6.60000000000003 1.87083390155049
6.62500000000003 1.87080171881436
6.65000000000003 1.87075463589362
6.67500000000003 1.87077237652095
6.70000000000003 1.87081200356292
6.72500000000003 1.87079295447345
6.75000000000003 1.8707693398863
6.77500000000003 1.87081008965849
6.80000000000003 1.8708568516797
6.82500000000003 1.87088063702008
6.85000000000003 1.87094960654087
6.87500000000003 1.87108744174894
6.90000000000003 1.87126662445709
6.92500000000003 1.87151280945942
6.95000000000003 1.8718501726422
6.97500000000003 1.87226401702996
7.00000000000003 1.87273824294839
7.02500000000003 1.87322995614549
7.05000000000003 1.87369660766614
7.07500000000003 1.87410351631342
7.10000000000003 1.87439336468441
7.12500000000003 1.87451674849991
7.15000000000003 1.87448787454525
7.17500000000003 1.87431613843709
7.20000000000003 1.87401255012938
7.22500000000004 1.87366905053992
7.25000000000004 1.87337091658849
7.27500000000004 1.87316016581733
7.30000000000004 1.87309361490417
7.32500000000004 1.87320411244376
7.35000000000004 1.87343829467713
7.37500000000004 1.87374568611468
7.40000000000004 1.87408768386959
7.42500000000004 1.87439005854354
7.45000000000004 1.87460732586977
7.47500000000004 1.87473225198626
7.50000000000004 1.87472868378053
7.52500000000004 1.87453042215356
7.55000000000004 1.87403835733802
7.57500000000004 1.87298186267725
7.60000000000004 1.87081487580642
7.62500000000004 1.86654940227014
7.65000000000004 1.85842393169637
7.67500000000004 1.84362776345386
7.70000000000004 1.8180353540281
7.72500000000004 1.77605247413692
7.75000000000004 1.71087877340939
7.77500000000004 1.61531200592898
7.80000000000004 1.48322262521838
7.82500000000004 1.31164706406474
7.85000000000004 1.10301535165321
7.87500000000004 0.8668378322159
7.90000000000004 0.620143203389286
7.92500000000005 0.386068489603302
7.95000000000005 0.190731467740194
7.97500000000005 0.0589207752586025
8.00000000000005 0.00961378828621584
8.02500000000005 0.0523783681629813
8.05000000000005 0.185201842082492
8.07500000000005 0.394277101017375
8.10000000000005 0.655874342831108
8.12500000000005 0.940191797112393
8.15000000000005 1.21668106108348
8.17500000000005 1.45954452384176
8.20000000000005 1.65185386316293
8.22500000000005 1.78729085828233
8.25000000000005 1.8692132226607
8.27500000000005 1.90779155965521
8.30000000000005 1.91643155474919
8.32500000000005 1.90837454010184
8.35000000000005 1.89436784225559
8.37500000000005 1.88164525308143
8.40000000000005 1.87390199043195
8.42500000000005 1.87184279236353
8.45000000000005 1.87393139453604
8.47500000000005 1.87747268492075
8.50000000000005 1.88006806847441
8.52500000000005 1.88071343239087
8.55000000000005 1.87988521695966
8.57500000000005 1.87872365441204
8.60000000000005 1.87806052505431
8.62500000000006 1.87806804222818
8.65000000000006 1.87847247868453
8.67500000000006 1.87887970556878
8.70000000000006 1.87903123289547
8.72500000000006 1.87888910720344
8.75000000000006 1.87861650111106
8.77500000000006 1.87846939991436
8.80000000000006 1.87857150321661
8.82500000000006 1.87878836108438
8.85000000000006 1.87886111516201
8.87500000000006 1.87871807515173
8.90000000000006 1.87857322292943
8.92500000000006 1.87862083152321
8.95000000000006 1.87875172430971
8.97500000000006 1.87876598370158
9.00000000000006 1.87868040178552
9.02500000000006 1.87864392739495
9.05000000000006 1.87868363988115
9.07500000000006 1.87870867843985
9.10000000000006 1.87869788976184
9.12500000000006 1.87867495748373
9.15000000000006 1.87864388760746
9.17500000000006 1.87861628733176
9.20000000000006 1.87859045419795
9.22500000000006 1.87852032993868
9.25000000000006 1.87837301112049
9.27500000000006 1.87818221922315
9.30000000000006 1.87796743118079
9.32500000000007 1.87766539002266
9.35000000000007 1.87724853639427
9.37500000000007 1.87678472307252
9.40000000000007 1.87633002218927
9.42500000000007 1.87587202792438
9.45000000000007 1.87542957510883
9.47500000000007 1.87511144208525
9.50000000000007 1.87496812061928
9.52500000000007 1.87496317434347
9.55000000000007 1.87508635930675
9.57500000000007 1.87535508763164
9.60000000000007 1.87570592464995
9.62500000000007 1.87601822597806
9.65000000000007 1.87624858032725
9.67500000000007 1.87637461528262
9.70000000000007 1.8763309153407
9.72500000000007 1.87612143386455
9.75000000000007 1.87581743680561
9.77500000000007 1.87547580293616
9.80000000000007 1.87515055281686
9.82500000000007 1.87491994477926
9.85000000000007 1.87484671044424
9.87500000000007 1.87497349943103
9.90000000000007 1.87543256017044
9.92500000000007 1.87647791807938
9.95000000000007 1.87861227110934
9.97500000000007 1.88275855318984
10.0000000000001 1.89044745947829
