0 0
0.05 0.487829806734235
0.1 2.04625184751316
0.15 5.11736040705713
0.199999999999998 10.4138500647857
0.249999999999997 18.3645229934357
0.299999999999996 29.0944064368343
0.349999999999995 42.7081224623862
0.399999999999994 59.3425367401484
0.449999999999993 79.0304503899561
0.499999999999992 101.548883237562
0.549999999999991 126.482394855719
0.59999999999999 153.390433426228
0.649999999999989 181.841816497892
0.699999999999988 211.337037797272
0.749999999999987 241.245456985736
0.799999999999986 270.87712728283
0.849999999999985 299.604390379324
0.899999999999984 326.889166326986
0.949999999999983 352.239904705152
0.999999999999981 375.18542307797
1.04999999999999 395.3290461804
1.1 412.420175207799
1.15 426.358698469411
1.20000000000001 437.160082393572
1.25000000000002 444.933934872945
1.30000000000003 449.903643582258
1.35000000000004 452.424836513235
1.40000000000004 452.961535052982
1.45000000000005 452.049422306595
1.50000000000006 450.270747923165
1.55000000000007 448.245016747805
1.60000000000008 446.61117130465
1.65000000000008 445.990953472883
1.70000000000009 446.961349995311
1.7500000000001 450.03859171115
1.80000000000011 455.663223391148
1.85000000000011 464.176044042864
1.90000000000012 475.793812476555
1.95000000000013 490.608031639551
2.00000000000014 508.593656627171
2.05000000000013 529.609689070114
2.10000000000012 553.39127426748
2.15000000000011 579.551388630381
2.2000000000001 607.608971520029
2.25000000000009 637.021445504887
2.30000000000008 667.202129994819
2.35000000000007 697.528367951921
2.40000000000006 727.360136159911
2.45000000000005 756.079386543973
2.50000000000004 783.125830336979
2.55000000000003 808.013297946907
2.60000000000002 830.336036776507
2.65000000000001 849.781603595214
2.7 866.155205667719
2.74999999999999 879.39452398138
2.79999999999998 889.566124882903
2.84999999999997 896.854278578594
2.89999999999996 901.553046566209
2.94999999999995 904.062671063251
2.99999999999994 904.875954054494
3.04999999999993 904.553615199369
3.09999999999992 903.698834437777
3.14999999999991 902.934757162288
3.1999999999999 902.883364194268
3.24999999999989 904.138732826356
3.29999999999988 907.240080159952
3.34999999999987 912.652161646738
3.39999999999986 920.749577068611
3.44999999999985 931.801532064709
3.49999999999984 945.956099249833
3.54999999999983 963.232929718246
3.59999999999982 983.528014440308
3.64999999999981 1006.62103521278
3.6999999999998 1032.18091123045
3.74999999999979 1059.77253597371
3.79999999999978 1088.87439539699
3.84999999999977 1118.90669701725
3.89999999999976 1149.25715749564
3.94999999999975 1179.30049792098
3.99999999999974 1208.41672214862
4.04999999999977 1236.01662246715
4.09999999999979 1261.57143837817
4.14999999999982 1284.63389859526
4.19999999999984 1304.84905733681
4.24999999999987 1321.96140451305
4.29999999999989 1335.82543451191
4.34999999999992 1346.41669547588
4.39999999999994 1353.83397186698
4.44999999999997 1358.29357056368
4.5 1360.12046104546
4.55000000000002 1359.73934763793
4.60000000000005 1357.66264452839
4.65000000000007 1354.47090507171
4.7000000000001 1350.79026048708
4.75000000000012 1347.27026490125
4.80000000000015 1344.56198071946
4.85000000000017 1343.2941617567
4.9000000000002 1344.04742950127
4.95000000000023 1347.33253129681
5.00000000000025 1353.57319029102
5.05000000000028 1363.09042016319
5.1000000000003 1376.08750901987
5.15000000000033 1392.63861078308
5.20000000000035 1412.68654103962
5.25000000000038 1436.04700751816
5.3000000000004 1462.41410136004
5.35000000000043 1491.36707406823
5.40000000000046 1522.38218173978
5.45000000000048 1554.85375677918
5.50000000000051 1588.11970444312
5.55000000000053 1621.48514830565
5.60000000000056 1654.24432933274
5.65000000000058 1685.70472408356
5.70000000000061 1715.21667075668
5.75000000000064 1742.20266333392
5.80000000000066 1766.1801992328
5.85000000000069 1786.77945507997
5.90000000000071 1803.75915660422
5.95000000000074 1817.02126777784
6.00000000000076 1826.61835239893
6.05000000000079 1832.75056466712
6.10000000000081 1835.75604297906
6.15000000000084 1836.09802239405
6.20000000000087 1834.34950181775
6.25000000000089 1831.17189230229
6.30000000000092 1827.28734900105
6.35000000000094 1823.44941854012
6.40000000000097 1820.41401221525
6.45000000000099 1818.91022665507
6.50000000000102 1819.60970014266
6.55000000000104 1823.09796045947
6.60000000000107 1829.85185310697
6.6500000000011 1840.22116519049
6.70000000000112 1854.41325535657
6.75000000000115 1872.48184113186
6.80000000000117 1894.3232407268
6.8500000000012 1919.68171455737
6.90000000000122 1948.16044556313
6.95000000000125 1979.2355800106
7.00000000000127 2012.27365354519
7.0500000000013 2046.55590925258
7.10000000000133 2081.3096476608
7.15000000000135 2115.74030617653
7.20000000000138 2149.06150076671
7.2500000000014 2180.5241577391
7.30000000000143 2209.44674066704
7.35000000000145 2235.2457728125
7.40000000000148 2257.46093037889
7.4500000000015 2275.77242629036
7.50000000000153 2290.01277662796
7.55000000000156 2300.174785017
7.60000000000158 2306.41442022845
7.65000000000161 2309.04504078766
7.70000000000163 2308.52262884732
7.75000000000166 2305.42367639766
7.80000000000168 2300.41632213444
7.85000000000171 2294.22227548546
7.90000000000173 2287.56662248865
7.95000000000176 2281.11700622077
8.00000000000179 2275.41597977912
8.05000000000174 2270.8145968943
8.10000000000169 2267.42251355734
8.15000000000165 2265.09884261727
8.2000000000016 2263.51345030273
8.25000000000156 2262.29547504819
8.30000000000151 2261.25595309952
8.35000000000147 2260.63088193053
8.40000000000142 2261.25614861986
8.45000000000138 2264.58310912025
8.50000000000133 2272.48975121425
8.55000000000129 2286.936865985
8.60000000000124 2309.61258948603
8.65000000000119 2341.72742069798
8.70000000000115 2384.02598891417
8.7500000000011 2436.91834598404
8.80000000000106 2500.5358743495
8.85000000000101 2574.58775907247
8.90000000000097 2658.09457173462
8.95000000000092 2749.22532695589
9.00000000000088 2845.39591568501
9.05000000000083 2943.54708981535
9.10000000000078 3040.356429303
9.15000000000074 3132.24788439766
9.20000000000069 3215.33950844486
9.25000000000065 3285.58087557878
9.3000000000006 3339.12002129394
9.35000000000056 3372.66008594301
9.40000000000051 3383.59069303928
9.45000000000047 3369.99076840662
9.50000000000042 3330.76198908735
9.55000000000038 3265.91945388962
9.60000000000033 3176.77384119745
9.65000000000028 3065.83845127367
9.70000000000024 2936.65028537021
9.75000000000019 2793.74580442717
9.80000000000015 2642.68823548688
9.8500000000001 2489.86867979871
9.90000000000006 2342.10256639319
9.95000000000001 2206.31865220137
9.99999999999997 2089.41006226942
