0 1.87500095152624
0.0374525043557177 1.87499954984054
0.0749050087114354 1.87499744392742
0.112357513067153 1.87499544162348
0.149810017422871 1.87499415352898
0.187262521778588 1.87499380547772
0.224715026134306 1.87499422946881
0.262167530490024 1.87499501343898
0.299620034845741 1.87499572788669
0.337072539201459 1.87499612328836
0.374525043557177 1.87499621396601
0.411977547912894 1.87499622023551
0.449430052268612 1.87499622709908
0.48688255662433 1.87499604899191
0.524335060980047 1.87471740529107
0.561787565335765 1.86928844673717
0.599240069691483 1.84108834234519
0.6366925740472 1.75893179683621
0.674145078402918 1.58897004568991
0.711597582758636 1.31354486995116
0.749050087114354 0.949121483618844
0.786502591470071 0.553201700023909
0.823955095825789 0.213670002324689
0.861407600181507 0.0212102441177335
0.898860104537224 0.0334074439609805
0.936312608892942 0.246441669443946
0.97376511324866 0.597199786459528
1.01121761760438 0.993559325574693
1.04867012196009 1.34998287473367
1.08612262631581 1.61346589215342
1.12357513067153 1.77206539535337
1.16102763502725 1.84629433801726
1.19848013938297 1.87055642032244
1.23593264373868 1.8748214125623
1.2733851480944 1.87499430920714
1.31083765245012 1.87499442424402
1.34829015680584 1.874994520887
1.38574266116155 1.8749946322868
1.42319516551727 1.87499476085848
1.46064766987299 1.8749949091983
1.49810017422871 1.87499508055884
1.53555267858442 1.8749952784824
1.57300518294014 1.87499550738442
1.61045768729586 1.87499577212712
1.64791019165158 1.87499607863379
1.6853626960073 1.87499643361352
1.72281520036301 1.87499684502686
1.76026770471873 1.87499732213879
1.79772020907445 1.87499787571621
1.83517271343017 1.87499851852381
1.87262521778588 1.8749992652457
1.9100777221416 1.87500013334476
1.94753022649732 1.87500114314566
1.98498273085304 1.8750023209191
2.02243523520875 1.8750038546697
2.05988773956447 1.87500583762055
2.09734024392019 1.87500815108991
2.13479274827591 1.87501049226196
2.17224525263163 1.87501252166872
2.20969775698734 1.87501406951343
2.24715026134306 1.87501530720787
2.28460276569878 1.8750167934708
2.3220552700545 1.87501935343405
2.35950777441021 1.87502381672446
2.39696027876593 1.87503065643866
2.43441278312165 1.87503949710331
2.47186528747737 1.87504969370906
2.50931779183308 1.87506069801691
2.5467702961888 1.87507231500476
2.58422280054452 1.87508479631797
2.62167530490024 1.87509875902388
2.65912780925595 1.87511498608399
2.69658031361167 1.87513421215331
2.73403281796739 1.87515699168515
2.77148532232311 1.87518370754906
2.80893782667883 1.87521477741115
2.84639033103454 1.87525113117996
2.88384283539026 1.8756273861617
2.92129533974598 1.88206284976748
2.9587478441017 1.91704645538953
2.99620034845741 2.02096436200949
3.03365285281313 2.2402372571602
3.07110535716885 2.60342191246099
3.10855786152457 3.10039969443605
3.14601036588028 3.66698093914486
3.183462870236 4.19709949714984
3.22091537459172 4.56548072408807
3.25836787894744 4.67684311951591
3.29582038330316 4.49754620709398
3.33327288765887 4.08026828238824
3.37072539201459 3.53009272108749
3.40817789637031 2.97277109562092
3.44563040072603 2.50450695731347
3.48308290508174 2.17779298995174
3.52053540943746 1.99040572723019
3.55798791379318 1.90824306429794
3.5954404181489 1.88387754392997
3.63289292250461 1.88104554707782
3.67034542686033 1.8818588354037
3.70779793121605 1.8829618821375
3.74525043557177 1.88424204011441
3.78270293992749 1.88572786729674
3.8201554442832 1.88745240629192
3.85760794863892 1.8894540082582
3.89506045299464 1.89177718575415
3.93251295735036 1.89447360263114
3.96996546170607 1.89760322292333
4.00741796606179 1.90123564433196
4.04487047041751 1.90545164595379
4.08232297477323 1.91034498468221
4.11977547912895 1.91602448024545
4.15722798348466 1.92261643527294
4.19468048784038 1.93026744424255
4.2321329921961 1.93914765382419
4.26958549655182 1.94945454719473
4.30703800090754 1.96141733656216
4.34449050526325 1.9753020616925
4.38194300961897 1.99141739844612
4.41939551397469 2.01012159679613
4.45684801833041 2.03183067387982
4.49430052268613 2.05702769303442
4.53175302704184 2.08627340177858
4.56920553139756 2.12021850301401
4.60665803575328 2.15961792036007
4.644110540109 2.20534747636781
4.68156304446472 2.25842342423724
4.71901554882044 2.3200252706029
4.75646805317615 2.39152232489835
4.79392055753187 2.47450475046866
4.83137306188759 2.57081871749022
4.86882556624331 2.68260695129551
4.90627807059903 2.81235606703677
4.94373057495474 2.96295169038488
4.98118307931046 3.13774264167171
5.01863558366618 3.34061558207783
5.0560880880219 3.57608169149409
5.09354059237762 3.84937719595722
5.13099309673333 4.16657989908209
5.16844560108905 4.53474429009055
5.20589810544477 4.96205807564695
5.24335060980049 5.4580241307858
5.28080311415621 6.03323207983844
5.31825561851192 6.69438575708008
5.35570812286764 7.4367709482219
5.39316062722336 8.24524793822295
5.43061313157908 9.10690355722779
5.4680656359348 10.0308039508057
5.50551814029052 11.0655725369764
5.54297064464623 12.304896380805
5.58042314900195 13.8751897505044
5.61787565335767 15.9071169419195
5.65532815771339 18.5005093719652
5.69278066206911 21.6997888011858
5.73023316642482 25.5020713176892
5.76768567078054 29.8907081465214
5.80513817513626 34.8720170439344
5.84259067949198 40.5012444046399
5.8800431838477 46.8910053928991
5.91749568820341 54.2035575870074
5.95494819255913 62.6347782421223
5.99240069691485 72.4001571616374
6.02985320127057 83.7308017252374
6.06730570562629 96.8816951715135
6.10475820998201 112.145401886514
6.14221071433772 129.861363776925
6.17966321869344 150.423559882086
6.21711572304916 174.289262207165
6.25456822740488 201.989211773154
6.2920207317606 234.139413622715
6.32947323611631 271.454844287746
6.36692574047203 314.76534352266
6.40437824482775 365.034076365126
6.44183074918347 423.378946284094
6.47928325353919 491.097460065246
6.5167357578949 569.695580618625
6.55418826225062 660.921216591528
6.59164076660634 766.803096980871
6.62909327096206 889.695880982603
6.66654577531778 1032.33252910458
6.7039982796735 1197.88507639793
6.74145078402921 1390.03517315445
6.77890328838493 1613.05596343444
6.81635579274065 1871.90710870706
6.85380829709637 2172.3450885575
6.89126080145209 2521.05121115228
6.9287133058078 2925.78020197162
6.96616581016352 3395.53265169091
7.00361831451924 3940.75518336495
7.04107081887496 4573.57276304045
7.07852332323068 5308.05834933543
7.11597582758639 6160.54584705409
7.15342833194211 7149.99335852263
7.19088083629783 8298.40477435573
7.22833334065355 9631.31911962259
7.26578584500927 11178.3784940247
7.30323834936499 12973.987282221
7.3406908537207 15058.077244738
7.37814335807642 17476.995557192
7.41559586243214 20284.5354892881
7.45304836678786 23543.1327062815
7.49050087114358 27325.2537305097
7.52795337549929 31715.0075121183
7.56540587985501 36810.0158709114
7.60285838421073 42723.5833458422
7.64031088856645 49587.2673612344
7.67776339292217 57553.4118951052
7.71521589727788 66800.2180652959
7.7526684016336 77530.9435115584
7.79012090598932 89988.8541103382
7.82757341034504 104443.512047797
7.86502591470076 121227.409441609
7.90247841905648 140698.615736992
7.93993092341219 163309.372387171
7.97738342776791 189538.847987618
8.01483593212363 219997.53488513
8.05228843647935 255332.48663028
8.08974094083507 296361.768734683
8.12719344519078 343965.138970796
8.1646459495465 399233.273918177
8.20209845390222 463365.836948667
8.23955095825794 537814.873286637
8.27700346261366 624215.063292914
8.31445596696937 724503.337001715
8.35190847132509 840899.76491625
8.38936097568081 975998.299852305
8.42681348003653 1132801.07508766
8.46426598439225 1314795.75912926
8.50171848874797 1526029.57336885
8.53917099310368 1771200.05617379
8.5766234974594 2055759.44764802
8.61407600181512 2386035.94076318
8.65152850617084 2769374.41129937
8.68898101052656 3214299.75735408
8.72643351488227 3730706.48085613
8.76388601923799 4330078.72710553
8.80133852359371 5025745.6757032
8.83879102794943 5833177.96239903
8.87624353230515 6770331.72385484
8.91369603666086 7858047.91638498
8.95114854101658 9120515.78895081
8.9886010453723 10585810.8173841
9.02605354972802 12286519.0627254
9.06350605408374 14260461.8385119
9.10095855843946 16551536.8025763
9.13841106279517 19210694.1780333
9.17586356715089 22297069.8132077
9.21331607150661 25879300.2781351
9.25076857586233 30037049.2434939
9.28822108021805 34862779.086449
9.32567358457376 40463807.1213817
9.36312608892948 46964692.1831305
9.4005785932852 54510004.636931
9.43803109764092 63267541.4161088
9.47548360199664 73432057.5853522
9.51293610635235 85229597.414184
9.55038861070807 98922521.2774991
9.58784111506379 114815340.174227
9.62529361941951 133261487.615455
9.66274612377523 154671179.479091
9.70019862813094 179520536.622979
9.73765113248666 208362173.130289
9.77510363684238 241837485.654596
9.8125561411981 280690917.162065
9.85000864555382 325786512.275912
9.88746114990954 378127132.390284
9.92491365426525 438876757.870131
9.96236615862097 509386373.306052
9.99981866297669 591224011.47505
