0 7.6171875
0.0374150892664512 7.16876686802041
0.0748301785329025 6.3253025846264
0.112245267799354 5.18699811515703
0.149660357065805 3.88897917719551
0.187075446332256 2.58525249306075
0.224490535598707 1.43043155234317
0.261905624865159 0.561397498105426
0.29932071413161 0.0810701563665311
0.336735803398061 0.046213222971064
0.374150892664512 0.460718553020309
0.411565981930963 1.27516424249264
0.448981071197415 2.39269690394361
0.486396160463866 3.68053849775144
0.523811249730317 4.98575122319479
0.561226338996768 6.15338934858571
0.59864142826322 7.04488425988544
0.636056517529671 7.55448188646996
0.673471606796122 7.62178317574375
0.710886696062573 7.23890092387852
0.748301785329024 6.45138511917322
0.785716874595476 5.35280822631269
0.823131963861927 4.07365385056904
0.860547053128378 2.76582779248093
0.897962142394829 1.58462953599666
0.93537723166128 0.670323180426023
0.972792320927732 0.131494068356755
1.01020741019418 0.032165307582532
1.04762249946063 0.38420221151432
1.08503758872709 1.14590532434503
1.12245267799354 2.22695856867033
1.15986776725999 3.499145223161
1.19728285652644 4.81156030521493
1.23469794579289 6.00851462746498
1.27211303505934 6.94800655802668
1.30952812432579 7.51857019647947
1.34694321359224 7.65250126076259
1.3843583028587 7.33389162458286
1.42177339212515 6.60051919913799
1.4591884813916 5.53936869506933
1.49660357065805 4.27631429616574
1.5340186599245 2.96118782687502
1.57143374919095 1.75000346231807
1.6088488384574 0.78644747316304
1.64626392772386 0.184828880415034
1.68367901699031 0.016513829573441
1.72109410625676 0.301453477466502
1.75850919552321 1.00581117394708
1.79592428478966 2.04597132617874
1.83333937405611 3.29845533457736
1.87075446332256 4.61456916362797
1.90816955258901 5.83804558765424
1.94558464185547 6.82358855532601
1.98299973112192 7.45411966245431
2.02041482038837 7.65468020619297
2.05782990965482 7.40133856818498
2.09524499892127 6.72404479508557
2.13266008818772 5.70309203070735
2.17007517745417 4.45960280277605
2.20749026672063 3.14116714438072
2.24490535598708 1.90433503188596
2.28232044525353 0.896039349239117
2.31973553451998 0.236153154304962
2.35715062378643 0.00325121720441862
2.39456571305288 0.225266407337895
2.43198080231933 0.876103586724548
2.46939589158578 1.87849703772361
2.50681098085224 3.11345208292297
2.54422607011869 4.43442610836497
2.58164115938514 5.6847206403141
2.61905624865159 6.71607137635009
2.65647133791804 7.40623100438385
2.69388642718449 7.67345990644608
2.73130151645094 7.48620728305791
2.76871660571739 6.86683619577462
2.80613169498385 5.88895274360581
2.8435467842503 4.66865822468512
2.88096187351675 3.35076372057671
2.9183769627832 2.09160364849194
2.95579205204965 1.04048769271944
2.9932071413161 0.321991436530356
3.03062223058255 0.0211859552356774
3.06803731984901 0.173557531897284
3.10545240911546 0.760811975529478
3.14286749838191 1.71305981594205
3.18028258764836 2.91712174342469
3.21769767691481 4.22996782148905
3.25511276618126 5.49569529178869
3.29252785544771 6.56403037276891
3.32994294471416 7.30815903110622
3.36735803398062 7.63977163491385
3.40477312324707 7.51953716333557
3.44218821251352 6.96176499052542
3.47960330177997 6.03270184217406
3.51701839104642 4.84266654726263
3.55443348031287 3.53295613220262
3.59184856957932 2.25907695019169
3.62926365884578 1.17229036930561
3.66667874811223 0.401662383048509
3.70409383737868 0.0387466677739081
3.74150892664513 0.126718197568684
3.77892401591158 0.655246594435414
3.81633910517803 1.56171755177144
3.85375419444448 2.7386576661866
3.89116928371093 4.04648214881418
3.92858437297739 5.33005343422255
3.96599946224384 6.43708655604559
4.00341455151029 7.23621794732325
4.04082964077674 7.63259406397672
4.07824473004319 7.57913022909051
4.11565981930964 7.08210350866303
4.15307490857609 6.20041538795961
4.19048999784254 5.03861084506502
4.227905087109 3.73448107566855
4.26532017637545 2.4427197658546
4.3027352656419 1.31657120401304
4.34015035490835 0.489647087591955
4.3775654441748 0.060069280399344
4.41498053344125 0.0788202876840187
4.4523956227077 0.543684462218187
4.48981071197416 1.39950004224844
4.52722580124061 2.5446936394363
4.56464089050706 3.8433234957291
4.60205597977351 5.14120411021484
4.63947106903996 6.28420025946723
4.67688615830641 7.13652051816307
4.71430124757286 7.59683978649119
4.75171633683931 7.61033719513864
4.78913142610577 7.16876686802041
4.82654651537222 6.32530258462639
4.86396160463867 5.18699811515702
4.90137669390512 3.88897917719549
4.93879178317157 2.58525249306073
4.97620687243802 1.43043155234315
5.01362196170447 0.561397498105415
5.05103705097093 0.0810701563665268
5.08845214023738 0.0462132229710671
5.12586722950383 0.460718553020319
5.16328231877028 1.27516424249266
5.20069740803673 2.39269690394363
5.23811249730318 3.68053849775146
5.27552758656963 4.98575122319481
5.31294267583608 6.15338934858573
5.35035776510254 7.04488425988545
5.38777285436899 7.55448188646997
5.42518794363544 7.62178317574375
5.46260303290189 7.23890092387851
5.50001812216834 6.4513851191732
5.53743321143479 5.35280822631267
5.57484830070124 4.07365385056901
5.6122633899677 2.7658277924809
5.64967847923415 1.58462953599664
5.6870935685006 0.670323180426009
5.72450865776705 0.131494068356749
5.7619237470335 0.0321653075825346
5.79933883629995 0.384202211514332
5.8367539255664 1.14590532434505
5.87416901483285 2.22695856867035
5.91158410409931 3.49914522316103
5.94899919336576 4.81156030521496
5.98641428263221 6.008514627465
6.02382937189866 6.9480065580267
6.06124446116511 7.51857019647949
6.09865955043156 7.65250126076259
6.13607463969801 7.33389162458286
6.17348972896446 6.60051919913799
6.21090481823092 5.53936869506932
6.24831990749737 4.27631429616572
6.28573499676382 2.961187826875
6.32315008603027 1.75000346231806
6.36056517529672 0.786447473163028
6.39798026456317 0.184828880415029
6.43539535382962 0.0165138295734422
6.47281044309608 0.30145347746651
6.51022553236253 1.00581117394709
6.54764062162898 2.04597132617876
6.58505571089543 3.29845533457737
6.62247080016188 4.61456916362798
6.65988588942833 5.83804558765425
6.69730097869478 6.82358855532602
6.73471606796123 7.45411966245431
6.77213115722769 7.65468020619296
6.80954624649414 7.40133856818497
6.84696133576059 6.72404479508556
6.88437642502704 5.70309203070733
6.92179151429349 4.45960280277603
6.95920660355994 3.1411671443807
6.99662169282639 1.90433503188594
7.03403678209285 0.896039349239105
7.0714518713593 0.236153154304956
7.10886696062575 0.00325121720441964
7.1462820498922 0.225266407337902
7.18369713915865 0.876103586724561
7.2211122284251 1.87849703772362
7.25852731769155 3.11345208292299
7.295942406958 4.43442610836498
7.33335749622446 5.68472064031411
7.37077258549091 6.7160713763501
7.40818767475736 7.40623100438386
7.44560276402381 7.67345990644608
7.48301785329026 7.4862072830579
7.52043294255671 6.86683619577461
7.55784803182316 5.88895274360579
7.59526312108961 4.6686582246851
7.63267821035607 3.35076372057669
7.67009329962252 2.09160364849193
7.70750838888897 1.04048769271943
7.74492347815542 0.321991436530349
7.78233856742187 0.0211859552356769
7.81975365668832 0.173557531897289
7.85716874595477 0.760811975529489
7.89458383522123 1.71305981594207
7.93199892448768 2.91712174342471
7.96941401375413 4.22996782148906
8.00682910302058 5.49569529178871
8.04424419228703 6.56403037276892
8.08165928155348 7.30815903110623
8.11907437081993 7.63977163491384
8.15648946008638 7.51953716333556
8.19390454935284 6.96176499052541
8.23131963861929 6.03270184217405
8.26873472788574 4.84266654726261
8.30614981715219 3.53295613220261
8.34356490641864 2.25907695019167
8.38097999568509 1.1722903693056
8.41839508495154 0.4016623830485
8.45581017421799 0.0387466677739064
8.49322526348445 0.12671819756869
8.5306403527509 0.655246594435427
8.56805544201735 1.56171755177146
8.6054705312838 2.73865766618662
8.64288562055025 4.0464821488142
8.6803007098167 5.33005343422257
8.71771579908315 6.43708655604561
8.7551308883496 7.23621794732326
8.79254597761606 7.63259406397672
8.82996106688251 7.5791302290905
8.86737615614896 7.08210350866302
8.90479124541541 6.2004153879596
8.94220633468186 5.038610845065
8.97962142394831 3.73448107566853
9.01703651321476 2.44271976585459
9.05445160248122 1.31657120401302
9.09186669174767 0.489647087591945
9.12928178101412 0.0600692803993414
9.16669687028057 0.0788202876840233
9.20411195954702 0.543684462218198
9.24152704881347 1.39950004224846
9.27894213807992 2.54469363943631
9.31635722734637 3.84332349572912
9.35377231661283 5.14120411021486
9.39118740587928 6.28420025946725
9.42860249514573 7.13652051816308
9.46601758441218 7.5968397864912
9.50343267367863 7.61033719513863
9.54084776294508 7.1687668680204
9.57826285221153 6.32530258462637
9.61567794147799 5.186998115157
9.65309303074444 3.88897917719546
9.69050812001089 2.58525249306071
9.72792320927734 1.43043155234313
9.76533829854379 0.561397498105403
9.80275338781024 0.0810701563665222
9.84016847707669 0.0462132229710698
9.87758356634314 0.460718553020328
9.9149986556096 1.27516424249267
9.95241374487605 2.39269690394364
9.9898288341425 3.68053849775148
