0 1.87500095152624
0.025 1.87518263185661
0.05 1.87548556167866
0.075 1.87583939068988
0.1 1.87617168578174
0.125 1.87642369919508
0.15 1.87655704931168
0.175 1.87655951049656
0.2 1.87644384476403
0.225 1.8762423093323
0.25 1.87599901152584
0.275 1.87575849600968
0.3 1.87555822378639
0.325 1.87541938795681
0.35 1.87534601463367
0.375 1.87532353982258
0.4 1.87532742493992
0.425 1.87533298848692
0.45 1.87533177440458
0.475 1.87533004552418
0.5 1.87533180912476
0.525 1.87533184217906
0.55 1.87533113804636
0.575 1.87533230779067
0.6 1.87533203013756
0.625 1.87533229277461
0.65 1.87533312922723
0.675 1.87533311187536
0.7 1.87533394732214
0.725 1.87533432379416
0.75 1.87533463676031
0.775 1.87533555097139
0.8 1.87533549549882
0.825 1.87533619198159
0.85 1.87533588320983
0.875 1.87533609642027
0.9 1.87533606608996
0.925 1.87533588186486
0.950000000000001 1.87533606492043
0.975000000000001 1.87533570512105
1 1.87533622195347
1.025 1.87533606072199
1.05 1.8753358021546
1.075 1.87532974129235
1.1 1.87529410195282
1.125 1.87512038251429
1.15 1.87442297907083
1.175 1.87207933875102
1.2 1.8654244679376
1.225 1.84932039361632
1.25 1.81574454623191
1.275 1.75463705268676
1.3 1.65606542461677
1.325 1.5129678540599
1.35 1.32367702816561
1.375 1.09387790437887
1.4 0.83753875021556
1.425 0.576172784726101
1.45 0.33635582315707
1.475 0.145934037826276
1.5 0.0293634771304692
1.525 0.00299841925321402
1.55 0.071546061847306
1.575 0.226629084853398
1.6 0.448162227798448
1.625 0.708553340351901
1.65 0.978392263397893
1.675 1.23169895005302
1.7 1.44932428616326
1.725 1.62032815853348
1.75 1.7420605057256
1.775 1.81910261568978
1.8 1.86085395320756
1.825 1.87851962146574
1.85 1.88258628468645
1.875 1.88115577424367
1.9 1.87908084145181
1.925 1.87816049857449
1.95 1.87829787181676
1.975 1.87872359509444
2 1.87886715255042
2.025 1.87874668654843
2.05 1.87865470753746
2.075 1.87870833604733
2.1 1.8788322383573
2.125 1.87894975788276
2.15 1.87910598777959
2.175 1.87939580819999
2.2 1.87980200071446
2.225 1.88025177905473
2.25 1.88075349670543
2.275 1.88128769075283
2.3 1.88176671491696
2.325 1.88213698584586
2.35 1.88236387702895
2.375 1.88242003027103
2.4 1.88228915532648
2.425 1.88201145989513
2.45 1.88166131431401
2.475 1.88129557169667
2.5 1.8810018493341
2.525 1.88083708376497
2.54999999999999 1.88080011069045
2.57499999999999 1.88089173727695
2.59999999999999 1.88108099347825
2.62499999999999 1.88132224204939
2.64999999999999 1.88158044847223
2.67499999999999 1.88180590522843
2.69999999999999 1.88196784187374
2.72499999999999 1.88206308807848
2.74999999999999 1.88209855034882
2.77499999999999 1.88209092247976
2.79999999999999 1.88206761513815
2.82499999999999 1.88205018473819
2.84999999999999 1.88204608598
2.87499999999999 1.88205358089229
2.89999999999999 1.8820601271514
2.92499999999999 1.88206092265656
2.94999999999999 1.88205769676194
2.97499999999999 1.88205219542183
2.99999999999999 1.88205535524486
3.02499999999999 1.8820581126883
3.04999999999999 1.88205554439179
3.07499999999999 1.88205523432067
3.09999999999999 1.88205285688842
3.12499999999999 1.88205541905971
3.14999999999999 1.88205478167587
3.17499999999999 1.88205258198502
3.19999999999999 1.88205337960495
3.22499999999999 1.88205318313867
3.24999999999999 1.88205412073207
3.27499999999999 1.88205196627683
3.29999999999999 1.88205370283548
3.32499999999999 1.88205438365931
3.34999999999999 1.88205423115446
3.37499999999999 1.88205964957774
3.39999999999999 1.88207480511934
3.42499999999999 1.88212431407851
3.44999999999999 1.8822805776402
3.47499999999999 1.88274044834249
3.49999999999999 1.88399109919475
3.52499999999999 1.8871457559048
3.54999999999999 1.89451251214199
3.57499999999999 1.91040339040169
3.59999999999999 1.94199560638929
3.62499999999999 1.99981368580032
3.64999999999999 2.09715692874055
3.67499999999999 2.24786148408059
3.69999999999999 2.46230001929388
3.72499999999999 2.74263096450023
3.74999999999999 3.07929914761895
3.77499999999999 3.45047223422551
3.79999999999999 3.82478157962251
3.82499999999999 4.16627645667643
3.84999999999999 4.43997041159532
3.87499999999999 4.61669472447198
3.89999999999999 4.67660762259642
3.92499999999999 4.61145161870217
3.94999999999999 4.42594383951284
3.97499999999999 4.13832003674362
3.99999999999999 3.77910963162854
4.02499999999999 3.38700435677355
4.04999999999999 3.00189871300398
4.07499999999999 2.65721818980152
4.09999999999999 2.37454571864767
4.12499999999999 2.16221791799223
4.14999999999999 2.01747673181423
4.17499999999999 1.93025937410814
4.19999999999999 1.88676553838361
4.22499999999999 1.87208668967515
4.24999999999999 1.87243915313769
4.27499999999999 1.87738369965325
4.29999999999999 1.88112465510475
4.32499999999999 1.88201853025498
4.34999999999999 1.88086193475147
4.37499999999999 1.87922664763143
4.4 1.87830155833506
4.425 1.87832599132221
4.45 1.87876318065671
4.475 1.87896059699118
4.5 1.87871527530544
4.525 1.87827136958111
4.55 1.87790790943921
4.575 1.8776373755416
4.6 1.87729579811967
4.625 1.87678350213279
4.65 1.87617413982256
4.675 1.87566425459846
4.7 1.87533589834874
4.725 1.87510067404047
4.75 1.87495522952678
4.775 1.87501925020297
4.8 1.87528868762431
4.825 1.87563772678662
4.85 1.8759918757343
4.875 1.87631330765162
4.9 1.87654575939312
4.925 1.87663065218507
4.95 1.87655423578088
4.975 1.87636611946077
5 1.87613243535795
5.025 1.87587339440876
5.05 1.87561841411291
5.075 1.87542844187116
5.1 1.87531798149329
5.12500000000001 1.87525981337135
5.15000000000001 1.87525694307781
5.17500000000001 1.87530250891606
5.20000000000001 1.87533301291229
5.22500000000001 1.8753413565469
5.25000000000001 1.87535297063476
5.27500000000001 1.87534391522419
5.30000000000001 1.87532281548504
5.32500000000001 1.87532420458606
5.35000000000001 1.87532925780749
5.37500000000001 1.87533332223538
5.40000000000001 1.87534011002764
5.42500000000001 1.87533495052313
5.45000000000001 1.87532973769415
5.47500000000001 1.87533151454374
5.50000000000001 1.87533620955942
5.52500000000001 1.87533969978969
5.55000000000001 1.87533699373004
5.57500000000001 1.87533404170928
5.60000000000001 1.87533469318617
5.62500000000001 1.87533454708002
5.65000000000001 1.87534029456844
5.67500000000001 1.87533854020425
5.70000000000001 1.87533072514702
5.72500000000001 1.87533123971044
5.75000000000001 1.87531995032103
5.77500000000001 1.87528432279289
5.80000000000001 1.87519695049286
5.82500000000002 1.87496328484608
5.85000000000002 1.87439524684422
5.87500000000002 1.87308841567561
5.90000000000002 1.8702293006893
5.92500000000002 1.86434817913086
5.95000000000002 1.8529163502356
5.97500000000002 1.83197841188291
6.00000000000002 1.79591511694313
6.02500000000002 1.73754458378428
6.05000000000002 1.64892953233336
6.07500000000002 1.5229824703919
6.10000000000002 1.35574092983043
6.12500000000002 1.14886881273649
6.15000000000002 0.911479492298601
6.17500000000002 0.66050849520274
6.20000000000002 0.419239747273806
6.22500000000002 0.214064099430316
6.25000000000002 0.070325584435606
6.27500000000002 0.00798365602032399
6.30000000000002 0.0378618741908515
6.32500000000002 0.159183742799495
6.35000000000002 0.358949333082463
6.37500000000002 0.613748769111273
6.40000000000002 0.89391471159495
6.42500000000002 1.16906750251075
6.45000000000002 1.41353993651935
6.47500000000002 1.6102679338266
6.50000000000002 1.75237102558828
6.52500000000003 1.84231550051458
6.55000000000003 1.88919382119162
6.57500000000003 1.90525373438533
6.60000000000003 1.90286611468461
6.62500000000003 1.89259697917888
6.65000000000003 1.88213083050968
6.67500000000003 1.87568265024999
6.70000000000003 1.87406050581025
6.72500000000003 1.87564915436322
6.75000000000003 1.8780834566149
6.77500000000003 1.87966899877949
6.80000000000003 1.87994835646514
6.82500000000003 1.87939883613292
6.85000000000003 1.87874574960256
6.87500000000003 1.87849075954791
6.90000000000003 1.87876001829281
6.92500000000003 1.8793765720248
6.95000000000003 1.8799913914026
6.97500000000003 1.88034665735032
7.00000000000003 1.88055668069649
7.02500000000003 1.88093436854523
7.05000000000003 1.881542935257
7.07500000000003 1.88209975822258
7.10000000000003 1.8823713405875
7.12500000000003 1.88241261080895
7.15000000000003 1.88234184361955
7.17500000000003 1.88217734028979
7.20000000000003 1.88190000406303
7.22500000000004 1.88153251743581
7.25000000000004 1.88115229669732
7.27500000000004 1.88086034608989
7.30000000000004 1.88074709404735
7.32500000000004 1.88080615799182
7.35000000000004 1.88095674597819
7.37500000000004 1.88116965882941
7.40000000000004 1.88145101608464
7.42500000000004 1.88174809223266
7.45000000000004 1.88195641406757
7.47500000000004 1.88206164843208
7.50000000000004 1.88213860219234
7.52500000000004 1.88217953424617
7.55000000000004 1.88213466374132
7.57500000000004 1.88206322832472
7.60000000000004 1.88204049643834
7.62500000000004 1.88203746269789
7.65000000000004 1.88202780329782
7.67500000000004 1.88204434751156
7.70000000000004 1.88206989365713
7.72500000000004 1.88206940842675
7.75000000000004 1.88206207765425
7.77500000000004 1.88205541438899
7.80000000000004 1.88204884693385
7.82500000000004 1.88205034153789
7.85000000000004 1.88205476898047
7.87500000000004 1.88205547502938
7.90000000000004 1.8820599777455
7.92500000000005 1.88205751810689
7.95000000000005 1.8820442492328
7.97500000000005 1.8820505350161
8.00000000000005 1.88206188034799
8.02500000000005 1.88205482634206
8.05000000000005 1.88205454827481
8.07500000000005 1.8820685779631
8.10000000000005 1.88208373723669
8.12500000000005 1.88213145483077
8.15000000000005 1.88225988103294
8.17500000000005 1.88253609871091
8.20000000000005 1.88316027037556
8.22500000000005 1.88454344860894
8.25000000000005 1.88741640077032
8.27500000000005 1.89312376193357
8.30000000000005 1.90398808711075
8.32500000000005 1.92372454970492
8.35000000000005 1.95790983026004
8.37500000000005 2.01421612089377
8.40000000000005 2.10219412206705
8.42500000000005 2.23248764963151
8.45000000000005 2.41501405806054
8.47500000000005 2.65592239908122
8.50000000000005 2.95417218411077
8.52500000000005 3.29876986836202
8.55000000000005 3.66759418490855
8.57500000000005 4.02846121420793
8.60000000000005 4.3428436769049
8.62500000000006 4.57237224234962
8.65000000000006 4.68665345063668
8.67500000000006 4.66941242387486
8.70000000000006 4.52106133772455
8.72500000000006 4.25813621592431
8.75000000000006 3.91054960734901
8.77500000000006 3.51683474707265
8.80000000000006 3.1174921579235
8.82500000000006 2.74809405877574
8.85000000000006 2.43449638952405
8.87500000000006 2.19095435267245
8.90000000000006 2.02044837712451
8.92500000000006 1.91640478443243
8.95000000000006 1.86552335573674
8.97500000000006 1.85137998920192
9.00000000000006 1.85785124267925
9.02500000000006 1.87158549411914
9.05000000000006 1.88353994708904
9.07500000000006 1.88945461924071
9.10000000000006 1.88914953574542
9.12500000000006 1.88504944839356
9.15000000000006 1.880351973182
9.17500000000006 1.87741887111365
9.20000000000006 1.87689639756122
9.22500000000006 1.87788239504124
9.25000000000006 1.87901892444484
9.27500000000006 1.87945948930605
9.30000000000006 1.87907108888674
9.32500000000007 1.87816609601528
9.35000000000007 1.87720070292618
9.37500000000007 1.87654135421862
9.40000000000007 1.8762714755232
9.42500000000007 1.87614597929836
9.45000000000007 1.87584359183898
9.47500000000007 1.87532760620921
9.50000000000007 1.87487195636545
9.52500000000007 1.8748012897594
9.55000000000007 1.87514176397786
9.57500000000007 1.87558905593978
9.60000000000007 1.8758906256715
9.62500000000007 1.87609126670454
9.65000000000007 1.87635388099538
9.67500000000007 1.87663794239164
9.70000000000007 1.87672799283733
9.72500000000007 1.87655008419318
9.75000000000007 1.87625869869109
9.77500000000007 1.87598009291121
9.80000000000007 1.87572024248321
9.82500000000007 1.87549028131714
9.85000000000007 1.87532364892218
9.87500000000007 1.87522530848078
9.90000000000007 1.87518885396812
9.92500000000007 1.87523338252762
9.95000000000007 1.87531557165726
9.97500000000007 1.87534549537795
10.0000000000001 1.87534458101139
