0 1.87500095152624
0.025 1.82781223277801
0.05 1.74008070197512
0.075 1.62335507332171
0.1 1.49169704668664
0.125 1.35919382910628
0.15 1.23781634751583
0.175 1.13593542684079
0.2 1.05768166302617
0.225 1.00314098140721
0.25 0.96923645579437
0.275 0.951022624078423
0.3 0.943069748502873
0.325 0.940633343442266
0.35 0.940374101942114
0.375 0.940527837512791
0.4 0.940559138633989
0.425 0.940529326226877
0.45 0.940551831502402
0.475 0.940702544019603
0.5 0.941370642500875
0.525 0.943749465042673
0.55 0.950183770962058
0.575 0.964044960684462
0.6 0.98891162011139
0.625 1.02768356655508
0.65 1.08218903651526
0.675 1.15277456381342
0.7 1.2374881093842
0.725 1.33133341187725
0.75 1.42647081601331
0.775 1.5136390114683
0.8 1.58377983230744
0.825 1.62905759049863
0.85 1.64372156520662
0.875 1.62536443449885
0.9 1.5760635447501
0.925 1.50213150738919
0.950000000000001 1.41240205360416
0.975000000000001 1.31628916552246
1 1.22256278708881
1.025 1.13856284812564
1.05 1.0692957806428
1.075 1.01684421753323
1.1 0.980640386774481
1.125 0.95827532805617
1.15 0.946202367752072
1.175 0.940313942635101
1.2 0.936451589862768
1.225 0.930689716287511
1.25 0.919496151065551
1.275 0.899909884739956
1.3 0.869781257857481
1.325 0.828073757347146
1.35 0.775239264732564
1.375 0.713659230104594
1.4 0.647828591987131
1.425 0.583933253963489
1.45 0.528973204470328
1.475 0.489683097049419
1.5 0.47134637127746
1.525 0.476722021661507
1.55 0.505343039725378
1.575 0.553508286963991
1.6 0.615029135007306
1.625 0.68251758778757
1.65 0.748852740038212
1.675 0.808303267971524
1.7 0.857088847077619
1.725 0.893532422392853
1.75 0.91796416522207
1.775 0.932266723044929
1.8 0.939146092798525
1.825 0.941409143321817
1.85 0.941431164547967
1.875 0.940846797132129
1.9 0.940445429287162
1.925 0.940364210256519
1.95 0.94041633119861
1.975 0.940300089869504
2 0.939663701854217
2.025 0.937891596611789
2.05 0.933615540395208
2.075 0.924276509208847
2.1 0.905969133501891
2.125 0.873811958702709
2.15 0.822938754220822
2.175 0.749892425963543
2.2 0.653995600166877
2.225 0.538325664438383
2.25 0.410033638924728
2.275 0.27994727758102
2.3 0.161413595357839
2.325 0.068326647997158
2.35 0.0127472286741589
2.375 0.00264096109894431
2.4 0.0401633447171967
2.425 0.120925972024436
2.45 0.234670200178921
2.475 0.367316241522842
2.5 0.503795668619629
2.525 0.630829978672755
2.54999999999999 0.738883117980715
2.57499999999999 0.822836274767258
2.59999999999999 0.881712778970136
2.62499999999999 0.918009207406635
2.64999999999999 0.936627705988116
2.67499999999999 0.943469358562301
2.69999999999999 0.943993900724693
2.72499999999999 0.94224715031747
2.74999999999999 0.9406051146013
2.77499999999999 0.939955292688583
2.79999999999999 0.940089787329275
2.82499999999999 0.940354798944731
2.84999999999999 0.940234797224394
2.87499999999999 0.939415411191862
2.89999999999999 0.937488911711443
2.92499999999999 0.933608099484244
2.94999999999999 0.926209216444344
2.97499999999999 0.913047148296903
2.99999999999999 0.891658631795741
3.02499999999999 0.860015047649638
3.04999999999999 0.817129030654765
3.07499999999999 0.763608338632939
3.09999999999999 0.702087850973173
3.12499999999999 0.637187377247758
3.14999999999999 0.575049459780777
3.17499999999999 0.522553912407177
3.19999999999999 0.486214451575311
3.22499999999999 0.471048376476351
3.24999999999999 0.479545073052802
3.27499999999999 0.511012350554943
3.29999999999999 0.561636391806965
3.32499999999999 0.625153802558625
3.34999999999999 0.694010206566898
3.37499999999999 0.760868266871544
3.39999999999999 0.819905297962459
3.42499999999999 0.867499563634786
3.44999999999999 0.902345678846207
3.47499999999999 0.925144819710526
3.49999999999999 0.938097567834148
3.52499999999999 0.944418240903561
3.54999999999999 0.947877959604927
3.57499999999999 0.952385204293906
3.59999999999999 0.961776271679155
3.62499999999999 0.979841192491569
3.64999999999999 1.01023409622447
3.67499999999999 1.05590010557235
3.69999999999999 1.11821342796309
3.72499999999999 1.19617743784464
3.74999999999999 1.28587666140646
3.77499999999999 1.38057513171513
3.79999999999999 1.47162284000624
3.82499999999999 1.54991011049235
3.84999999999999 1.60730113440051
3.87499999999999 1.6375387565366
3.89999999999999 1.6369476370187
3.92499999999999 1.6050568437828
3.94999999999999 1.5448203960247
3.97499999999999 1.46244645324123
3.99999999999999 1.36677055479079
4.02499999999999 1.26794831938729
4.04999999999999 1.17551530784177
4.07499999999999 1.09653157945011
4.09999999999999 1.03466712688697
4.12499999999999 0.990423618966911
4.14999999999999 0.962030339070163
4.17499999999999 0.94638837111619
4.19999999999999 0.939801845082944
4.22499999999999 0.938576618893947
4.24999999999999 0.93960799602748
4.27499999999999 0.940865149193673
4.29999999999999 0.941505473240195
4.32499999999999 0.94159889969386
4.34999999999999 0.941692330850625
4.37499999999999 0.942548276821338
4.4 0.945133622172689
4.425 0.95076359673096
4.45 0.961470738355967
4.475 0.980362898798755
4.5 1.01154295420682
4.525 1.05947065553305
4.55 1.12779446819817
4.575 1.21794276786641
4.6 1.32793970264756
4.625 1.45177032910321
4.65 1.5796399982736
4.675 1.69903721249638
4.7 1.79642151790709
4.725 1.85938556577539
4.75 1.87888440597566
4.775 1.85110008063772
4.8 1.77847176904907
4.825 1.66955142422745
4.85 1.53750767094308
4.875 1.39764503212965
4.9 1.26457348480136
4.925 1.14969042763481
4.95 1.05965187094541
4.975 0.996164775067419
5 0.956949861147779
5.025 0.937208644870515
5.05 0.931003091066789
5.075 0.932425801293877
5.1 0.936554809189948
5.12500000000001 0.94016285679738
5.15000000000001 0.941955093789785
5.17500000000001 0.942161517740789
5.20000000000001 0.941783281663113
5.22500000000001 0.941904522910037
5.25000000000001 0.943428091315522
5.27500000000001 0.947261863812338
5.30000000000001 0.954616496087998
5.32500000000001 0.967297501581814
5.35000000000001 0.988018627700586
5.37500000000001 1.02023210435512
5.40000000000001 1.06713077306702
5.42500000000001 1.13028364566131
5.45000000000001 1.20865976311442
5.47500000000001 1.29838938180823
5.50000000000001 1.39302505752645
5.52500000000001 1.48402464589117
5.55000000000001 1.56160655255894
5.57500000000001 1.61641274343087
5.60000000000001 1.64162036427506
5.62500000000001 1.63446840865584
5.65000000000001 1.59634940660484
5.67500000000001 1.53177781644682
5.70000000000001 1.44738930263243
5.72500000000001 1.35143497149512
5.75000000000001 1.25320506517672
5.77500000000001 1.16164868807899
5.80000000000001 1.08368331071046
5.82500000000002 1.02314509233029
5.85000000000002 0.980632785275715
5.87500000000002 0.954105005620905
5.90000000000002 0.939844267630641
5.92500000000002 0.933304450734504
5.95000000000002 0.929769101957598
5.97500000000002 0.924933453977174
6.00000000000002 0.915240806330162
6.02500000000002 0.897956221190832
6.05000000000002 0.871177654368981
6.07500000000002 0.833903238690177
6.10000000000002 0.786261785293905
6.12500000000002 0.729846800784772
6.15000000000002 0.667937838531935
6.17500000000002 0.605464905329086
6.20000000000002 0.548599307853164
6.22500000000002 0.503930737704858
6.25000000000002 0.47736643389439
6.27500000000002 0.473014893391211
6.30000000000002 0.492265085195885
6.32500000000002 0.533298862767984
6.35000000000002 0.59132758168213
6.37500000000002 0.659501851261879
6.40000000000002 0.730110530693084
6.42500000000002 0.795946179698304
6.45000000000002 0.851554517173397
6.47500000000002 0.893908936352265
6.50000000000002 0.922529864170475
6.52500000000003 0.939041452344206
6.55000000000003 0.946288812109796
6.57500000000003 0.947450186080494
6.60000000000003 0.945428247074092
6.62500000000003 0.942522155296023
6.65000000000003 0.940230864934424
6.67500000000003 0.939112491098448
6.70000000000003 0.938846802079579
6.72500000000003 0.938615666767978
6.75000000000003 0.937437310078465
6.77500000000003 0.934233528097949
6.80000000000003 0.92769360609714
6.82500000000003 0.915976005157957
6.85000000000003 0.896451751620331
6.87500000000003 0.865669633647338
6.90000000000003 0.819777603604235
6.92500000000003 0.755356778398498
6.95000000000003 0.670523319773215
6.97500000000003 0.566234859221939
7.00000000000003 0.447234407042874
7.02500000000003 0.322131064230777
7.05000000000003 0.202604839882628
7.07500000000003 0.101840062269909
7.10000000000003 0.0324490447555009
7.12500000000003 0.00429113580346729
7.15000000000003 0.0225283672632408
7.17500000000003 0.086438859183785
7.20000000000003 0.189269815096054
7.22500000000004 0.319129913256645
7.25000000000004 0.460987429486261
7.27500000000004 0.599460376464505
7.30000000000004 0.721593352607448
7.32500000000004 0.818858162423691
7.35000000000004 0.887988165327063
7.37500000000004 0.930530602901594
7.40000000000004 0.951428947654257
7.42500000000004 0.957184433291624
7.45000000000004 0.954240761556593
7.47500000000004 0.947934561840214
7.50000000000004 0.941962671074053
7.52500000000004 0.938286247560627
7.55000000000004 0.937252872371204
7.57500000000004 0.937924128212094
7.60000000000004 0.938752674281983
7.62500000000004 0.938329571404149
7.65000000000004 0.935776528306131
7.67500000000004 0.930544276119969
7.70000000000004 0.921877696219774
7.72500000000004 0.908520131501191
7.75000000000004 0.888732858335913
7.77500000000004 0.860641649196287
7.80000000000004 0.822839026668401
7.82500000000004 0.775041059987416
7.85000000000004 0.718684815013451
7.87500000000004 0.657244284397991
7.90000000000004 0.595999280873517
7.92500000000005 0.541265511010868
7.95000000000005 0.499453777213024
7.97500000000005 0.476131142027495
8.00000000000005 0.47507831339651
8.02500000000005 0.497399307203565
8.05000000000005 0.541045526409436
8.07500000000005 0.601102351130711
8.10000000000005 0.670667461415809
8.12500000000005 0.741995128242612
8.15000000000005 0.807843576871513
8.17500000000005 0.862771096173474
8.20000000000005 0.903934092467805
8.22500000000005 0.931186051886491
8.25000000000005 0.94660279689375
8.27500000000005 0.953756593470416
8.30000000000005 0.956862478947135
8.32500000000005 0.96013925083898
8.35000000000005 0.96752939645321
8.37500000000005 0.982533845073377
8.40000000000005 1.00817434788602
8.42500000000005 1.04696427462184
8.45000000000005 1.10059412227783
8.47500000000005 1.16926979132058
8.50000000000005 1.25101457598751
8.52500000000005 1.34141511686274
8.55000000000005 1.43381087115863
8.57500000000005 1.51963507886052
8.60000000000005 1.5892026899969
8.62500000000006 1.63344464845943
8.65000000000006 1.6460619253363
8.67500000000006 1.62491047614286
8.70000000000006 1.57227629304719
8.72500000000006 1.4943006660614
8.75000000000006 1.39985987246795
8.77500000000006 1.29910587261344
8.80000000000006 1.20175421113631
8.82500000000006 1.11558384148735
8.85000000000006 1.04561486321616
8.87500000000006 0.993994360596657
8.90000000000006 0.960229628913927
8.92500000000006 0.94165472781328
8.95000000000006 0.934328837660651
8.97500000000006 0.934053486027383
9.00000000000006 0.937110309219937
9.02500000000006 0.940724986042727
9.05000000000006 0.943306881535753
9.07500000000006 0.944479125333876
9.10000000000006 0.944896791040804
9.12500000000006 0.945847045986804
9.15000000000006 0.948879730324633
9.17500000000006 0.955667376164466
9.20000000000006 0.968028393779821
9.22500000000006 0.988127856066991
9.25000000000006 1.01875869529068
9.27500000000006 1.06322434049588
9.30000000000006 1.124614954034
9.32500000000007 1.20485355621129
9.35000000000007 1.30365643657373
9.37500000000007 1.41752385535277
9.40000000000007 1.53919881612792
9.42500000000007 1.65803157852448
9.45000000000007 1.76132854214857
9.47500000000007 1.83633962809814
9.50000000000007 1.87251407239513
9.52500000000007 1.8634980703644
9.55000000000007 1.80846199339413
9.57500000000007 1.71255282940812
9.60000000000007 1.58628358113322
9.62500000000007 1.44392847290176
9.65000000000007 1.30110435716109
9.67500000000007 1.1719634059267
9.70000000000007 1.06683930802245
9.72500000000007 0.990876542585811
9.75000000000007 0.943818762795866
9.77500000000007 0.921090599656708
9.80000000000007 0.915767858478727
9.82500000000007 0.920556515086217
9.85000000000007 0.92924502313587
9.87500000000007 0.937519861611726
9.90000000000007 0.943126776438296
9.92500000000007 0.945590496746414
9.95000000000007 0.945716425462263
9.97500000000007 0.945097272606398
10.0000000000001 0.945656409851758
