0 74999.9999999999
35.6960780731766 75000
71.3921561463532 75000
107.08823421953 75000
142.784312292706 75000
178.480390365883 75000
214.17646843906 75000
249.872546512236 75000
285.568624585413 75000
321.264702658589 75000
356.960780731766 75000
392.656858804942 75000
428.352936878119 75000
464.049014951295 75000
499.745093024472 75000
535.441171097648 75000
571.137249170825 75000
606.833327244001 75000
642.529405317178 75000
678.225483390354 75000
713.921561463531 75000
749.617639536707 75000.0000099908
785.313717609884 74999.9986492691
821.00979568306 74999.9726816745
856.705873756237 74999.8159129955
892.401951829414 74999.3096403402
928.09802990259 74998.3298104391
963.794107975767 74997.5337358075
999.490186048943 74999.6278476737
1035.18626412212 75011.0132949494
1070.8823421953 75043.2628932722
1106.57842026847 75113.686229313
1142.27449834165 75244.3625653741
1177.97057641483 75459.6258214239
1213.666654488 75782.8492040009
1249.36273256118 76233.715491472
1285.05881063436 76826.8459625424
1320.75488870753 77572.0154098897
1356.45096678071 78475.5335463311
1392.14704485388 79542.0099346284
1427.84312292706 80775.7709078807
1463.53920100024 82181.5895399795
1499.23527907341 83764.8834698437
1534.93135714659 85531.7457594181
1570.62743521977 87488.9662059178
1606.32351329294 89644.0553770155
1642.01959136612 92005.2713933715
1677.7156694393 94581.6495505311
1713.41174751247 97383.0348802582
1749.10782558565 100420.117758156
1784.80390365883 103704.472682458
1820.499981732 107248.600346934
1856.19605980518 111065.973153024
1891.89213787836 115171.084307974
1927.58821595153 119579.500669825
1963.28429402471 124307.919513279
1998.98037209789 129374.229397503
2034.67645017106 134797.575334675
2070.37252824424 140598.428459163
2106.06860631742 146798.660421897
2141.7646843906 153421.622738302
2177.46076246378 160492.231340974
2213.15684053696 168037.056571395
2248.85291861013 176084.418907064
2284.54899668331 184664.490688451
2320.24507475649 193809.404138913
2355.94115282967 203553.365982936
2391.63723090285 213932.779006287
2427.33330897603 224986.370813358
2463.02938704921 236755.330232292
2498.72546512239 249283.451527414
2534.42154319556 262617.2868996
2570.11762126874 276806.307434888
2605.81369934192 291903.072855917
2641.5097774151 307963.410447802
2677.20585548828 325046.603565749
2712.90193356146 343215.590252898
2748.59801163464 362537.172556768
2784.29408970782 383082.236911638
2819.99016778099 404925.986407438
2855.68624585417 428148.185003631
2891.38232392735 452833.41422797
2927.07840200053 479071.341846984
2962.77448007371 506957.003156093
2998.47055814689 536591.094357997
3034.16663622007 568080.277624556
3069.86271429325 601537.498160215
3105.55879236643 637082.312962621
3141.2548704396 674841.23288712
3176.95094851278 714948.076329182
3212.64702658596 757544.333740024
3248.34310465914 802779.545528074
3284.03918273232 850811.686376052
3319.7352608055 901807.562654535
3355.43133887868 955943.211540061
3391.12741695186 1013404.31506184
3426.82349502503 1074386.60863208
3462.51957309821 1139096.29640924
3498.21565117139 1207750.46602034
3533.91172924457 1280577.49765696
3569.60780731775 1357817.4665593
3605.30388539093 1439722.5284287
3640.99996346411 1526557.29451679
3676.69604153729 1618599.17560202
3712.39211961046 1716138.71013404
3748.08819768364 1819479.8406601
3783.78427575682 1928940.14163451
3819.48035383 2044851.00043796
3855.17643190318 2167557.78232355
3890.87250997636 2297419.76955231
3926.56858804954 2434810.22487935
3962.26466612272 2580116.1302499
3997.9607441959 2733738.03264251
4033.65682226907 2896089.44215884
4069.35290034225 3067596.55448574
4105.04897841543 3248697.16313446
4140.74505648861 3439839.91317995
4176.44113456179 3641483.27019802
4212.13721263497 3854093.80574434
4247.83329070815 4078144.68069201
4283.52936878133 4314113.56383536
4319.2254468545 4562480.55151538
4354.92152492768 4823725.24606458
4390.61760300086 5098324.03702592
4426.31368107404 5386746.10364138
4462.00975914722 5689450.15505426
4497.7058372204 6006879.75870303
4533.40191529358 6339458.25357481
4569.09799336676 6687583.81823858
4604.79407143993 7051623.46065625
4640.49014951311 7431906.46044595
4676.18622758629 7828717.42951969
4711.88230565947 8242289.61380233
4747.57838373265 8672797.12980078
4783.27446180583 9120345.37352998
4818.97053987901 9584959.69395929
4854.66661795219 10066579.625055
4890.36269602537 10565055.4922777
4926.05877409854 11080129.3268603
4961.75485217172 11611416.0619963
4997.4509302449 12158420.4487603
5033.14700831808 12720519.8772164
5068.84308639126 13296913.6383443
5104.53916446444 13886682.5686802
5140.23524253762 14488746.8245708
5175.9313206108 15101815.5886071
5211.62739868397 15724517.1881594
5247.32347675715 16355187.7162792
5283.01955483033 16992072.9604636
5318.71563290351 17633231.4204812
5354.41171097669 18276484.1899471
5390.10778904987 18919577.2538758
5425.80386712305 19559977.8162879
5461.49994519623 20195182.2628995
5497.1960232694 20822247.1019798
5532.89210134258 21438554.7097867
5568.58817941576 22040817.6845577
5604.28425748894 22626294.9771617
5639.98033556212 23191627.3351038
5675.6764136353 23733847.7742515
5711.37249170848 24249872.1813104
5747.06856978166 24736539.781173
5782.76464785483 25191438.86314
5818.46072592801 25611359.1572181
5854.15680400119 25994909.1559028
5889.85288207437 26339052.5272661
5925.54896014755 26642866.0912722
5961.24503822073 26903811.3022416
5996.94111629391 27120493.1847097
6032.63719436709 27292338.2616061
6068.33327244027 27419400.150036
6104.02935051344 27505982.381155
6139.72542858662 27557522.368919
6175.4215066598 27583143.4736644
6211.11758473298 27592002.5782259
6246.81366280616 27592903.606334
6282.50974087934 27591176.1134699
6318.20581895252 27590996.3885178
6353.9018970257 27592214.4013379
6389.59797509887 27594522.0544029
6425.29405317205 27598458.2501704
6460.99013124523 27601418.2346345
6496.68620931841 27605538.575462
6532.38228739159 27610404.7472592
6568.07836546477 27614657.7109227
6603.77444353795 27620838.950276
6639.47052161113 27627212.1167839
6675.1665996843 27633014.4743877
6710.86267775748 27641097.2385092
6746.55875583066 27648495.998609
6782.25483390384 27655556.9113486
6817.95091197702 27665155.7939067
6853.6469900502 27673017.1815097
6889.34306812338 27681169.348871
6925.03914619656 27691608.0703362
6960.73522426974 27699609.7110275
6996.43130234291 27708721.6747866
7032.12738041609 27719470.9124573
7067.82345848927 27727521.5981258
7103.51953656245 27737260.9767099
7139.21561463563 27747920.6720767
7174.91169270881 27755954.0960058
7210.60777078199 27765915.2472006
7246.30384885517 27776247.5007563
7281.99992692834 27784199.053747
7317.69600500152 27794058.913052
7353.3920830747 27803944.7532024
7389.08816114788 27811714.9795104
7424.78423922106 27821220.5693743
7460.48031729424 27830582.4913424
7496.17639536742 27838058.7454295
7531.8724734406 27847040.0469456
7567.56855151377 27855841.865142
7603.26462958695 27862939.4125676
7638.96070766013 27871291.296408
7674.65678573331 27879505.6330689
7710.35286380649 27886155.6624902
7746.04894187967 27893812.6118902
7781.74501995285 27901422.5695812
7817.44109802603 27907590.3470322
7853.13717609921 27914529.1764872
7888.83325417238 27921527.7346349
7924.52933224556 27927196.6265225
7960.22541031874 27933413.0455878
7995.92148839192 27939796.3075508
8031.6175664651 27944968.5775453
8067.31364453828 27950483.3005348
8103.00972261146 27956258.8559664
8138.70580068464 27960948.7776945
8174.40187875781 27965792.7072637
8210.09795683099 27970970.0869742
8245.79403490417 27975198.2720702
8281.49011297735 27979415.120868
8317.18619105053 27984013.8054946
8352.88226912371 27987807.0817152
8388.57834719689 27991445.8992121
8424.27442527006 27995487.4857355
8459.97050334324 27998872.3614178
8495.66658141642 28001986.7806758
8531.3626594896 28005500.1905486
8567.05873756278 28008505.5769839
8602.75481563596 28011150.9225312
8638.45089370914 28014167.2932336
8674.14697178232 28016819.3261206
8709.8430498555 28019050.2986016
8745.53912792867 28021605.6188292
8781.23520600185 28023931.2880723
8816.93128407503 28025803.0566733
8852.62736214821 28027939.7099664
8888.32344022139 28029974.7586371
8924.01951829457 28031568.7955487
8959.71559636775 28033406.5473591
8995.41167444093 28035364.771251
9031.1077525141 28037164.3046226
9066.80383058728 28039699.7266043
9102.49990866046 28043593.3272321
9138.19598673364 28049581.0587836
9173.89206480682 28060234.1989575
9209.58814288 28079067.0010386
9245.28422095318 28110558.8131323
9280.98029902636 28161378.0632275
9316.67637709953 28238164.5226036
9352.37245517271 28343706.2781518
9388.06853324589 28472227.3518343
9423.76461131907 28599558.0105957
9459.46068939225 28670843.2225232
9495.15676746543 28591311.7286313
9530.85284553861 28222485.0711849
9566.54892361179 27392064.9087497
9602.24500168497 25926573.75108
9637.94107975814 23704236.5431409
9673.63715783132 20717586.7806959
9709.3332359045 17126313.3067785
9745.02931397768 13268758.0835761
9780.72539205086 9607736.24788207
9816.42147012404 6612993.21668341
9852.11754819722 4611760.95131937
9887.8136262704 3666776.70547043
9923.50970434357 3547704.99791318
9959.20578241675 3823958.15030699
9994.90186048993 4045037.5006641
10030.5979385631 3925129.54023167
10066.2940166363 3436581.51632646
10101.9900947095 2763316.08896909
10137.6861727826 2151605.8935742
10173.3822508558 1756443.08123662
10209.078328929 1575473.29279011
10244.7744070022 1498173.1523914
10280.4704850754 1415771.43121326
10316.1665631485 1299943.92237695
10351.8626412217 1198379.30529697
10387.5587192949 1169233.49795406
10423.2547973681 1219108.20466047
10458.9508754413 1295938.51338017
10494.6469535144 1334508.25059518
10530.3430315876 1306363.84598205
10566.0391096608 1231497.75732859
10601.735187734 1151053.60684071
10637.4312658072 1091436.85032424
10673.1273438803 1050740.35079097
10708.8234219535 1013925.58234166
10744.5195000267 974986.953276592
10780.2155780999 942128.665841311
10815.911656173 925199.095352258
10851.6077342462 922437.094651284
10887.3038123194 921104.41019274
10922.9998903926 910517.47935456
10958.6959684658 891107.424637027
10994.3920465389 868835.559193685
11030.0881246121 845276.766033356
11065.7842026853 817755.754494504
11101.4802807585 786670.164470146
11137.1763588317 757619.81608155
11172.8724369048 735426.362028018
11208.568514978 719372.664809769
11244.2645930512 706889.49186542
11279.9606711244 698393.721726269
11315.6567491975 693317.38879288
11351.3528272707 684815.215182033
11387.0489053439 665959.764320877
11422.7449834171 639579.511689098
11458.4410614903 614965.215391156
11494.1371395634 595876.415917798
11529.8332176366 578902.883279909
11565.5292957098 563765.805935129
11601.225373783 556236.748421808
11636.9214518562 556391.229807955
11672.6175299293 552831.047418589
11708.3136080025 536851.887970168
11744.0096860757 514871.711661879
11779.7057641489 497470.712268373
11815.4018422221 484038.8931373
11851.0979202952 469306.135642981
11886.7939983684 457303.131287351
11922.4900764416 455058.651058471
11958.1861545148 457011.609899541
11993.8822325879 450244.373685899
12001.0214482026 447447.507306753
