0 74999.9999999999
35.6960780731766 75000
71.3921561463532 75000
107.08823421953 75000
142.784312292706 75000
178.480390365883 75000
214.17646843906 75000
249.872546512236 75000
285.568624585413 75000
321.264702658589 75000
356.960780731766 75000
392.656858804942 75000
428.352936878119 75000
464.049014951295 75000
499.745093024472 75000
535.441171097648 75000
571.137249170825 75000
606.833327244001 75000
642.529405317178 75000
678.225483390354 75000
713.921561463531 75000
749.617639536707 74999.9998687366
785.313717609884 74999.9835924505
821.00979568306 74999.7321493666
856.705873756237 74998.1184302152
892.401951829414 74991.7388672051
928.09802990259 74973.2246112388
963.794107975767 74929.9680244632
999.490186048943 74844.0504482868
1035.18626412212 74693.7902853312
1070.8823421953 74456.6771620641
1106.57842026847 74112.8052460949
1142.27449834165 73647.6003365739
1177.97057641483 73052.9706887609
1213.666654488 72326.8730540486
1249.36273256118 71471.8977658203
1285.05881063436 70493.6123283327
1320.75488870753 69399.2191415733
1356.45096678071 68196.7496024567
1392.14704485388 66894.7165306201
1427.84312292706 65502.0037211195
1463.53920100024 64027.8024314963
1499.23527907341 62481.5225393844
1534.93135714659 60872.6840519926
1570.62743521977 59210.8081426663
1606.32351329294 57505.3148380184
1642.01959136612 55765.4290616688
1677.7156694393 54000.0962210821
1713.41174751247 52217.9081819842
1749.10782558565 50427.0401411366
1784.80390365883 48635.1985996694
1820.499981732 46849.5803486667
1856.19605980518 45076.8421336646
1891.89213787836 43323.0804535645
1927.58821595153 41593.8207786903
1963.28429402471 39894.0153503514
1998.98037209789 38228.0486338582
2034.67645017106 36599.7494496511
2070.37252824424 35012.4087867363
2106.06860631742 33468.802321429
2141.7646843906 31971.2166911338
2177.46076246378 30521.4786390188
2213.15684053696 29120.9861956094
2248.85291861013 27770.7411645055
2284.54899668331 26471.3822438393
2320.24507475649 25223.218208265
2355.94115282967 24026.2606623337
2391.63723090285 22880.2559598444
2427.33330897603 21784.7159472049
2463.02938704921 20738.9472849067
2498.72546512239 19742.0790970684
2534.42154319556 18793.0887899401
2570.11762126874 17890.8258686203
2605.81369934192 17034.0336520772
2641.5097774151 16221.3688764566
2677.20585548828 15451.4192664558
2712.90193356146 14722.7192629435
2748.59801163464 14033.7641715076
2784.29408970782 13383.0230122865
2819.99016778099 12768.9503158279
2855.68624585417 12189.997073179
2891.38232392735 11644.620756181
2927.07840200053 11131.2944630802
2962.77448007371 10648.5148275782
2998.47055814689 10194.8087216416
3034.16663622007 9768.738238152
3069.86271429325 9368.9042981408
3105.55879236643 8993.94886395431
3141.2548704396 8642.55694982812
3176.95094851278 8313.45837832755
3212.64702658596 8005.4289054657
3248.34310465914 7717.29093989546
3284.03918273232 7447.91389035118
3319.7352608055 7196.21419784587
3355.43133887868 6961.15493650234
3391.12741695186 6741.74536975051
3426.82349502503 6537.04013700169
3462.51957309821 6346.13829095825
3498.21565117139 6168.18227029084
3533.91172924457 6002.35678666291
3569.60780731775 5847.88743674477
3605.30388539093 5704.03949928378
3640.99996346411 5570.11639311212
3676.69604153729 5445.45845089399
3712.39211961046 5329.44137273999
3748.08819768364 5221.47502722725
3783.78427575682 5121.00168322649
3819.48035383 5027.49464628938
3855.17643190318 4940.45734242684
3890.87250997636 4859.42150396857
3926.56858804954 4783.94572066507
3962.26466612272 4713.6146026266
3997.9607441959 4648.0376119271
4033.65682226907 4586.84674693567
4069.35290034225 4529.69725015832
4105.04897841543 4476.26420442501
4140.74505648861 4426.24368746582
4176.44113456179 4379.35025527745
4212.13721263497 4335.31621118051
4247.83329070815 4293.8915410278
4283.52936878133 4254.84107559089
4319.2254468545 4217.94595952137
4354.92152492768 4183.00130912997
4390.61760300086 4149.81600417634
4426.31368107404 4118.2109435862
4462.00975914722 4088.02004021646
4497.7058372204 4059.08851042542
4533.40191529358 4031.27198046124
4569.09799336676 4004.43648426496
4604.79407143993 3978.45726682368
4640.49014951311 3953.21935305224
4676.18622758629 3928.61562738886
4711.88230565947 3904.54721555297
4747.57838373265 3880.92336823099
4783.27446180583 3857.65963263334
4818.97053987901 3834.67862814516
4854.66661795219 3811.90853392017
4890.36269602537 3789.28562106783
4926.05877409854 3766.75024216627
4961.75485217172 3744.2461812008
4997.4509302449 3721.72622481992
5033.14700831808 3699.14725759572
5068.84308639126 3676.46535516224
5104.53916446444 3653.64575155634
5140.23524253762 3630.65848992861
5175.9313206108 3607.4718763455
5211.62739868397 3584.06576748257
5247.32347675715 3560.41353983328
5283.01955483033 3536.49721455931
5318.71563290351 3512.30593198323
5354.41171097669 3487.82079049759
5390.10778904987 3463.03475200277
5425.80386712305 3437.93845956071
5461.49994519623 3412.52999462426
5497.1960232694 3386.79841101498
5532.89210134258 3360.75302477885
5568.58817941576 3334.3810458487
5604.28425748894 3307.6995254649
5639.98033556212 3280.70085260583
5675.6764136353 3253.39681388265
5711.37249170848 3225.7969085225
5747.06856978166 3197.9012984008
5782.76464785483 3169.73239860055
5818.46072592801 3141.28186735518
5854.15680400119 3112.58243437899
5889.85288207437 3083.61152853571
5925.54896014755 3054.39555394697
5961.24503822073 3024.90139105066
5996.94111629391 2995.12359396026
6032.63719436709 2965.03285823283
6068.33327244027 2934.59212527964
6104.02935051344 2903.79173591604
6139.72542858662 2872.59983005205
6175.4215066598 2841.03494673649
6211.11758473298 2809.09179914099
6246.81366280616 2776.8127971135
6282.50974087934 2744.2000851344
6318.20581895252 2711.2964656579
6353.9018970257 2678.11080267995
6389.59797509887 2644.65774350087
6425.29405317205 2610.97619813249
6460.99013124523 2577.05448926195
6496.68620931841 2542.93452672043
6532.38228739159 2508.62273227612
6568.07836546477 2474.12998363229
6603.77444353795 2439.49454352518
6639.47052161113 2404.71342161413
6675.1665996843 2369.80760905917
6710.86267775748 2334.81436043557
6746.55875583066 2299.7251874185
6782.25483390384 2264.56697471963
6817.95091197702 2229.37327188186
6853.6469900502 2194.13444482658
6889.34306812338 2158.87376112746
6925.03914619656 2123.64019172219
6960.73522426974 2088.3887660178
6996.43130234291 2053.1919747226
7032.12738041609 2018.04814487978
7067.82345848927 1982.95112712773
7103.51953656245 1947.95691371283
7139.21561463563 1913.05478521878
7174.91169270881 1878.25367082096
7210.60777078199 1843.59704936817
7246.30384885517 1809.08162559949
7281.99992692834 1774.71532547605
7317.69600500152 1740.53835685844
7353.3920830747 1706.54365002449
7389.08816114788 1672.74080378727
7424.78423922106 1639.18096052179
7460.48031729424 1605.84469794036
7496.17639536742 1572.73440716576
7531.8724734406 1539.90701797576
7567.56855151377 1507.34763808041
7603.26462958695 1475.07693660145
7638.96070766013 1443.10877539309
7674.65678573331 1411.45550880534
7710.35286380649 1380.10977201702
7746.04894187967 1349.11935015221
7781.74501995285 1318.47506341619
7817.44109802603 1288.18621533765
7853.13717609921 1258.28851222571
7888.83325417238 1228.76754297504
7924.52933224556 1199.64252366202
7960.22541031874 1170.93600110864
7995.92148839192 1142.63985808281
8031.6175664651 1114.76980887697
8067.31364453828 1087.35087088049
8103.00972261146 1060.37722284203
8138.70580068464 1033.85263217434
8174.40187875781 1007.80639369403
8210.09795683099 982.246211555704
8245.79403490417 957.166124500939
8281.49011297735 932.577263968096
8317.18619105053 908.48597768465
8352.88226912371 884.892926800942
8388.57834719689 861.813959508591
8424.27442527006 839.263396663373
8459.97050334324 817.248589312171
8495.66658141642 795.779294399265
8531.3626594896 774.84756369808
8567.05873756278 754.435476357996
8602.75481563596 734.56021503806
8638.45089370914 715.259440339253
8674.14697178232 696.533814732566
8709.8430498555 678.347236066503
8745.53912792867 660.693494441688
8781.23520600185 643.622721397993
8816.93128407503 627.147645895519
8852.62736214821 611.202016435806
8888.32344022139 595.793034854896
8924.01951829457 581.000197106215
8959.71559636775 566.762456899424
8995.41167444093 553.028768704605
9031.1077525141 539.917614104824
9066.80383058728 527.376309632578
9102.49990866046 515.330325850928
9138.19598673364 503.926641009664
9173.89206480682 493.058529697064
9209.58814288 482.724345416629
9245.28422095318 473.104811698525
9280.98029902636 464.047659979448
9316.67637709953 455.736909695441
9352.37245517271 448.108577948501
9388.06853324589 441.027692812192
9423.76461131907 434.551085460723
9459.46068939225 428.064322923399
9495.15676746543 421.183224512057
9530.85284553861 412.771722313208
9566.54892361179 401.975261186937
9602.24500168497 387.592152271911
9637.94107975814 368.872378691301
9673.63715783132 345.876211275402
9709.3332359045 319.622019375356
9745.02931397768 292.275594875041
9780.72539205086 266.642649061169
9816.42147012404 245.774672828655
9852.11754819722 231.375364180939
9887.8136262704 223.86946232159
9923.50970434357 221.66682814498
9959.20578241675 221.923989727381
9994.90186048993 222.090445450628
10030.5979385631 220.18041352979
10066.2940166363 216.425495248581
10101.9900947095 211.691303388179
10137.6861727826 207.772872202121
10173.3822508558 205.298880756821
10209.078328929 204.353112093596
10244.7744070022 204.164733857331
10280.4704850754 203.948039796381
10316.1665631485 203.840930604588
10351.8626412217 203.738164636443
10387.5587192949 204.377627406164
10423.2547973681 205.496240704054
10458.9508754413 206.746842940621
10494.6469535144 207.987604246408
10530.3430315876 208.61680566918
10566.0391096608 209.162486633905
10601.735187734 209.702524252467
10637.4312658072 210.239826356175
10673.1273438803 211.080552629127
10708.8234219535 211.813524749705
10744.5195000267 212.498688869224
10780.2155780999 213.292602138636
10815.911656173 214.119753312107
10851.6077342462 214.892612626999
10887.3038123194 215.80999483372
10922.9998903926 216.485941296178
10958.6959684658 217.061160599847
10994.3920465389 217.674269791305
11030.0881246121 218.131705837735
11065.7842026853 218.524269333107
11101.4802807585 218.864679397774
11137.1763588317 219.153352586407
11172.8724369048 219.408775996192
11208.568514978 219.636802298933
11244.2645930512 219.797274138261
11279.9606711244 219.955656321286
11315.6567491975 220.044208963036
11351.3528272707 219.922584942794
11387.0489053439 219.785259296178
11422.7449834171 219.527410833553
11458.4410614903 219.019542160664
11494.1371395634 218.539784262442
11529.8332176366 218.051878383159
11565.5292957098 217.387618341175
11601.225373783 216.576711593045
11636.9214518562 215.663946788018
11672.6175299293 214.780947065857
11708.3136080025 213.683519002236
11744.0096860757 211.981981098765
11779.7057641489 210.318151843748
11815.4018422221 209.02662869604
11851.0979202952 207.146833001295
11886.7939983684 204.549796074247
11922.4900764416 202.499630453365
11958.1861545148 200.653218534647
11993.8822325879 197.820975133713
12001.0214482026 197.142326432725
