0 74999.9999999999
35.6960780731766 75000
71.3921561463532 75000
107.08823421953 75000
142.784312292706 75000
178.480390365883 75000
214.17646843906 75000
249.872546512236 75000
285.568624585413 75000
321.264702658589 75000
356.960780731766 75000
392.656858804942 75000
428.352936878119 75000
464.049014951295 75000
499.745093024472 75000
535.441171097648 75000
571.137249170825 75000
606.833327244001 75000
642.529405317178 75000
678.225483390354 75000
713.921561463531 75000
749.617639536707 75000
785.313717609884 75000
821.00979568306 75000
856.705873756237 75000
892.401951829414 75000
928.09802990259 75000
963.794107975767 75000
999.490186048943 75000
1035.18626412212 75000
1070.8823421953 75000
1106.57842026847 75000
1142.27449834165 75000
1177.97057641483 75000
1213.666654488 75000
1249.36273256118 75000
1285.05881063436 75000
1320.75488870753 75000
1356.45096678071 75000
1392.14704485388 75000
1427.84312292706 75000
1463.53920100024 75000
1499.23527907341 75000
1534.93135714659 75000
1570.62743521977 75000
1606.32351329294 75000
1642.01959136612 75000
1677.7156694393 75000
1713.41174751247 75000
1749.10782558565 75000
1784.80390365883 75000
1820.499981732 75000
1856.19605980518 75000
1891.89213787836 75000
1927.58821595153 75000
1963.28429402471 75000
1998.98037209789 75000
2034.67645017106 75000
2070.37252824424 75000
2106.06860631742 75000
2141.7646843906 75000
2177.46076246378 75000
2213.15684053696 75000
2248.85291861013 75000
2284.54899668331 75000
2320.24507475649 75000
2355.94115282967 75000
2391.63723090285 75000
2427.33330897603 75000
2463.02938704921 75000.0564378459
2498.72546512239 75005.7251068728
2534.42154319556 75083.7556493133
2570.11762126874 75527.0645700345
2605.81369934192 77047.6821275985
2641.5097774151 80777.7925613001
2677.20585548828 87935.0492281453
2712.90193356146 99133.8268555656
2748.59801163464 113704.938028823
2784.29408970782 129445.89885158
2819.99016778099 142953.638063484
2855.68624585417 150729.833065673
2891.38232392735 150667.801446106
2927.07840200053 143016.448035273
2962.77448007371 130286.83761436
2998.47055814689 116211.45119918
3034.16663622007 104213.179966176
3069.86271429325 96264.1112749573
3105.55879236643 92540.8792557107
3141.2548704396 91776.9272637829
3176.95094851278 92279.0775202774
3212.64702658596 92864.080861037
3248.34310465914 93108.2071388658
3284.03918273232 93077.2764906957
3319.7352608055 92984.6509659357
3355.43133887868 92981.8669837014
3391.12741695186 93102.7061277971
3426.82349502503 93256.3975489068
3462.51957309821 93328.4389408402
3498.21565117139 93324.8546206539
3533.91172924457 93312.2437950969
3569.60780731775 93321.474119544
3605.30388539093 93349.9616960444
3640.99996346411 93383.605870247
3676.69604153729 93402.1952177992
3712.39211961046 93399.3185533699
3748.08819768364 93391.1797371068
3783.78427575682 93392.4572156296
3819.48035383 93400.8823398963
3855.17643190318 93408.0260911702
3890.87250997636 93410.0544380507
3926.56858804954 93408.435300002
3962.26466612272 93407.2091277055
3997.9607441959 93408.3733724385
4033.65682226907 93410.3660318041
4069.35290034225 93411.7759028974
4105.04897841543 93412.5849698631
4140.74505648861 93412.5979051399
4176.44113456179 93412.213718353
4212.13721263497 93412.4662992113
4247.83329070815 93413.1356949358
4283.52936878133 93413.4434785157
4319.2254468545 93413.5086708961
4354.92152492768 93413.491838225
4390.61760300086 93413.3472204013
4426.31368107404 93413.3966382023
4462.00975914722 93413.6158610301
4497.7058372204 93413.6225055389
4533.40191529358 93413.5802925509
4569.09799336676 93413.6662190801
4604.79407143993 93413.6388478817
4640.49014951311 93413.5863804321
4676.18622758629 93413.6932670776
4711.88230565947 93413.7232743024
4747.57838373265 93413.6546093043
4783.27446180583 93413.6972651265
4818.97053987901 93413.718898101
4854.66661795219 93413.6595839003
4890.36269602537 93413.6983551693
4926.05877409854 93413.7355854428
4961.75485217172 93413.674764486
4997.4509302449 93413.6890907045
5033.14700831808 93413.7349060936
5068.84308639126 93413.6857399797
5104.53916446444 93413.6845049913
5140.23524253762 93413.7357217713
5175.9313206108 93413.6992971757
5211.62739868397 93413.6815223251
5247.32347675715 93413.729684788
5283.01955483033 93413.7074019135
5318.71563290351 93413.6806416122
5354.41171097669 93413.7241904118
5390.10778904987 93413.7141571874
5425.80386712305 93413.6803201182
5461.49994519623 93413.717206147
5497.1960232694 93413.7197284684
5532.89210134258 93413.6825311973
5568.58817941576 93413.7103875591
5604.28425748894 93413.7236357692
5639.98033556212 93413.6864995121
5675.6764136353 93413.7040348836
5711.37249170848 93413.7255665418
5747.06856978166 93413.6922959127
5782.76464785483 93413.7019310805
5818.46072592801 93413.7248486881
5854.15680400119 93413.327219087
5889.85288207437 93409.0067632002
5925.54896014755 93383.2411604571
5961.24503822073 93281.2187787208
5996.94111629391 92978.9908016949
6032.63719436709 92258.7899429661
6068.33327244027 90798.7832648813
6104.02935051344 88275.9508780567
6139.72542858662 84290.2424330562
6175.4215066598 78604.5877425903
6211.11758473298 71462.2926703915
6246.81366280616 63422.7514286672
6282.50974087934 55097.3288183801
6318.20581895252 47068.6043841043
6353.9018970257 39878.2525066183
6389.59797509887 33928.5880764023
6425.29405317205 29318.3737350509
6460.99013124523 25755.8406231432
6496.68620931841 22673.0697824383
6532.38228739159 19510.1415415283
6568.07836546477 16006.2984343323
6603.77444353795 12335.1073328269
6639.47052161113 9018.59178271635
6675.1665996843 6656.1559319814
6710.86267775748 5586.5854263556
6746.55875583066 5651.29118369715
6782.25483390384 6209.13263053385
6817.95091197702 6449.60830256281
6853.6469900502 5844.92012441414
6889.34306812338 4478.34656568636
6925.03914619656 2975.35565716467
6960.73522426974 2061.97623671472
6996.43130234291 2043.80953071278
7032.12738041609 2588.56896894856
7067.82345848927 2996.09147866771
7103.51953656245 2759.53169640249
7139.21561463563 1954.63453215691
7174.91169270881 1129.05526665664
7210.60777078199 806.033305047827
7246.30384885517 1050.0431626594
7281.99992692834 1462.79703648149
7317.69600500152 1575.35824660987
7353.3920830747 1255.85614463733
7389.08816114788 775.244055313325
7424.78423922106 513.839827769557
7460.48031729424 610.497497530562
7496.17639536742 872.480521593161
7531.8724734406 995.941069292952
7567.56855151377 860.133259785078
7603.26462958695 612.563907382045
7638.96070766013 485.711114871212
7674.65678573331 554.952340145297
7710.35286380649 690.68720003707
7746.04894187967 730.293909375878
7781.74501995285 652.15046572205
7817.44109802603 559.328570786698
7853.13717609921 532.578662396406
7888.83325417238 556.055704461251
7924.52933224556 579.426946687378
7960.22541031874 587.197827507869
7995.92148839192 581.775071859326
8031.6175664651 552.781384085602
8067.31364453828 507.41712091864
8103.00972261146 491.057207552121
8138.70580068464 525.009160781309
8174.40187875781 555.501867525127
8210.09795683099 525.092676621642
8245.79403490417 468.079506813868
8281.49011297735 461.856821530809
8317.18619105053 501.437186181466
8352.88226912371 509.567555785749
8388.57834719689 468.949159580292
8424.27442527006 446.854587769071
8459.97050334324 471.524759485474
8495.66658141642 485.384062171584
8531.3626594896 456.525035932904
8567.05873756278 436.988273493764
8602.75481563596 460.239009884359
8638.45089370914 476.531255838191
8674.14697178232 450.173661898672
8709.8430498555 429.063661020339
8745.53912792867 451.090340188841
8781.23520600185 470.567779864436
8816.93128407503 448.222376026564
8852.62736214821 427.026455324855
8888.32344022139 445.876318365554
8924.01951829457 464.056694066458
8959.71559636775 444.490693460739
8995.41167444093 426.321393500144
9031.1077525141 443.638277579502
9066.80383058728 458.134860411458
9102.49990866046 439.489278582864
9138.19598673364 425.608233126923
9173.89206480682 442.443137922405
9209.58814288 452.370344648832
9245.28422095318 434.345675831649
9280.98029902636 425.623587280472
9316.67637709953 441.944826008429
9352.37245517271 446.721470589754
9388.06853324589 429.776389219892
9423.76461131907 426.564515872281
9459.46068939225 441.59345250328
9495.15676746543 441.105764214646
9530.85284553861 426.065430883651
9566.54892361179 427.650077752548
9602.24500168497 439.527272506966
9637.94107975814 433.60217902549
9673.63715783132 420.615015338584
9709.3332359045 424.268057186414
9745.02931397768 429.676170291491
9780.72539205086 417.86357530361
9816.42147012404 406.918142041738
9852.11754819722 411.476655926357
9887.8136262704 413.587951474207
9923.50970434357 406.915068461593
9959.20578241675 413.271041088266
9994.90186048993 436.962162632396
10030.5979385631 459.058373127667
10066.2940166363 479.024925555979
10101.9900947095 507.618372051915
10137.6861727826 529.589720286868
10173.3822508558 521.611667597307
10209.078328929 486.32832591249
10244.7744070022 433.646788475361
10280.4704850754 362.44797463211
10316.1665631485 287.849594719991
10351.8626412217 247.840686081916
10387.5587192949 264.615327603862
10423.2547973681 330.935734439404
10458.9508754413 430.054286814761
10494.6469535144 532.153271389859
10530.3430315876 586.317162476327
10566.0391096608 555.861139256611
10601.735187734 453.722000031261
10637.4312658072 328.188948384153
10673.1273438803 235.220391014675
10708.8234219535 223.801502788691
10744.5195000267 306.802754142641
10780.2155780999 435.107968168241
10815.911656173 526.785372622307
10851.6077342462 527.413454377884
10887.3038123194 439.088077413619
10922.9998903926 314.526454823965
10958.6959684658 232.636077025614
10994.3920465389 248.097771002148
11030.0881246121 343.761982207903
11065.7842026853 443.553276516322
11101.4802807585 475.995374376572
11137.1763588317 422.999284990403
11172.8724369048 325.764234752216
11208.568514978 256.356484944442
11244.2645930512 264.34007625926
11279.9606711244 334.343267636903
11315.6567491975 402.200707628145
11351.3528272707 414.585472107312
11387.0489053439 368.572068390181
11422.7449834171 304.853626857548
11458.4410614903 273.505448443249
11494.1371395634 294.985134271734
11529.8332176366 343.514796156707
11565.5292957098 373.397067621327
11601.225373783 362.54751499353
11636.9214518562 326.299108451313
11672.6175299293 296.604697993044
11708.3136080025 295.285527678931
11744.0096860757 319.116242300622
11779.7057641489 343.795159257619
11815.4018422221 347.165796605523
11851.0979202952 329.915248514841
11886.7939983684 310.589459537584
11922.4900764416 305.076575466818
11958.1861545148 314.974868059084
11993.8822325879 329.73577498723
12001.0214482026 332.012632621523
