0 74999.9999999999
35.6960780731766 75000
71.3921561463532 75000
107.08823421953 75000
142.784312292706 75000
178.480390365883 75000
214.17646843906 75000
249.872546512236 75000
285.568624585413 75000
321.264702658589 75000
356.960780731766 75000
392.656858804942 75000
428.352936878119 75000
464.049014951295 75000
499.745093024472 75000
535.441171097648 75000
571.137249170825 75000
606.833327244001 75000
642.529405317178 75000
678.225483390354 75000
713.921561463531 75000
749.617639536707 75000
785.313717609884 75000
821.00979568306 75000
856.705873756237 75000
892.401951829414 75000
928.09802990259 75000
963.794107975767 75000
999.490186048943 75000
1035.18626412212 75000
1070.8823421953 75000
1106.57842026847 75000
1142.27449834165 75000
1177.97057641483 75000
1213.666654488 75000
1249.36273256118 75000
1285.05881063436 75000
1320.75488870753 75000
1356.45096678071 75000
1392.14704485388 75000
1427.84312292706 75000
1463.53920100024 75000
1499.23527907341 75000
1534.93135714659 75000
1570.62743521977 75000
1606.32351329294 75000
1642.01959136612 75000
1677.7156694393 75000
1713.41174751247 75000
1749.10782558565 75000
1784.80390365883 75000
1820.499981732 75000
1856.19605980518 75000
1891.89213787836 75000
1927.58821595153 75000
1963.28429402471 75000
1998.98037209789 75000
2034.67645017106 75000
2070.37252824424 75000
2106.06860631742 75000
2141.7646843906 75000
2177.46076246378 75000
2213.15684053696 75000
2248.85291861013 75000
2284.54899668331 75000
2320.24507475649 75000
2355.94115282967 75000.0092125621
2391.63723090285 75000.9723968862
2427.33330897603 75015.0465273788
2463.02938704921 75101.2863279475
2498.72546512239 75424.5927516312
2534.42154319556 76303.5721689253
2570.11762126874 78197.0583457884
2605.81369934192 81595.7184780886
2641.5097774151 86831.0729143847
2677.20585548828 93868.0313012656
2712.90193356146 102179.29049148
2748.59801163464 110786.386163013
2784.29408970782 118477.196697564
2819.99016778099 124114.580935493
2855.68624585417 126889.301547008
2891.38232392735 126483.554258924
2927.07840200053 123064.472186095
2962.77448007371 117161.652869258
2998.47055814689 109564.750730705
3034.16663622007 101174.218130437
3069.86271429325 92891.6626838787
3105.55879236643 85556.1221158948
3141.2548704396 79832.2167788187
3176.95094851278 76092.9565469479
3212.64702658596 74399.3062097989
3248.34310465914 74461.1903002647
3284.03918273232 75734.9893804722
3319.7352608055 77621.2897845901
3355.43133887868 79535.889527508
3391.12741695186 81060.668177716
3426.82349502503 82028.1834890256
3462.51957309821 82448.1254811053
3498.21565117139 82442.1120232384
3533.91172924457 82191.7353709029
3569.60780731775 81851.7849380043
3605.30388539093 81545.934047597
3640.99996346411 81355.2178077027
3676.69604153729 81282.1371041887
3712.39211961046 81307.542370758
3748.08819768364 81401.4582656529
3783.78427575682 81516.1667615927
3819.48035383 81618.0706475589
3855.17643190318 81692.931602337
3890.87250997636 81732.2644949084
3926.56858804954 81739.4292493767
3962.26466612272 81727.8235756979
3997.9607441959 81707.0722060117
4033.65682226907 81684.3731454189
4069.35290034225 81667.7238518699
4105.04897841543 81659.4557459991
4140.74505648861 81657.5380342947
4176.44113456179 81661.2493646113
4212.13721263497 81668.2055640507
4247.83329070815 81674.5250478316
4283.52936878133 81679.5843296616
4319.2254468545 81683.4230144016
4354.92152492768 81684.768815348
4390.61760300086 81684.386022612
4426.31368107404 81683.696500833
4462.00975914722 81682.3911927467
4497.7058372204 81680.9647197908
4533.40191529358 81680.471128857
4569.09799336676 81680.2757390831
4604.79407143993 81680.0592463977
4640.49014951311 81680.4729857599
4676.18622758629 81681.0032024896
4711.88230565947 81681.1374700629
4747.57838373265 81681.4578826196
4783.27446180583 81681.7789790613
4818.97053987901 81681.6347317707
4854.66661795219 81681.5891172374
4890.36269602537 81681.7089206544
4926.05877409854 81681.508154001
4961.75485217172 81681.3800006489
4997.4509302449 81681.5157513117
5033.14700831808 81681.4308682796
5068.84308639126 81681.3415670677
5104.53916446444 81681.5152287228
5140.23524253762 81681.5118918752
5175.9313206108 81681.408523657
5211.62739868397 81681.542309822
5247.32347675715 81681.5660507076
5283.01955483033 81681.4388202408
5318.71563290351 81681.5213799676
5354.41171097669 81681.5674621475
5390.10778904987 81681.4404531951
5425.80386712305 81681.4884922671
5461.49994519623 81681.5637061228
5497.1960232694 81681.4548356807
5532.89210134258 81681.470829244
5568.58817941576 81681.5626911919
5604.28425748894 81681.4756630428
5639.98033556212 81681.4499623856
5675.6764136353 81681.4081428483
5711.37249170848 81680.4387779777
5747.06856978166 81676.4045769962
5782.76464785483 81663.140316327
5818.46072592801 81626.6951634341
5854.15680400119 81542.021753189
5889.85288207437 81369.2159736994
5925.54896014755 81051.8569239911
5961.24503822073 80520.1778943183
5996.94111629391 79697.8770270612
6032.63719436709 78512.560356172
6068.33327244027 76908.9853513223
6104.02935051344 74861.3430949633
6139.72542858662 72381.5073364274
6175.4215066598 69521.0671243183
6211.11758473298 66368.2053032134
6246.81366280616 63041.4237421945
6282.50974087934 59653.2470401314
6318.20581895252 56345.7180191317
6353.9018970257 53198.6692289022
6389.59797509887 50351.635134255
6425.29405317205 47854.4971923962
6460.99013124523 45730.4443983215
6496.68620931841 44056.5249097329
6532.38228739159 42796.2495262832
6568.07836546477 41767.5416675974
6603.77444353795 40733.4747013229
6639.47052161113 39418.2183160273
6675.1665996843 37485.4944260712
6710.86267775748 34609.5874638337
6746.55875583066 30645.4700148967
6782.25483390384 25788.6844513077
6817.95091197702 20626.2242842142
6853.6469900502 16027.2483403803
6889.34306812338 12868.8774962315
6925.03914619656 11669.2152665898
6960.73522426974 12285.321364192
6996.43130234291 13858.2663695009
7032.12738041609 15124.4440827083
7067.82345848927 14967.5324473304
7103.51953656245 12976.1855239427
7139.21561463563 9620.04670522832
7174.91169270881 5980.06036351655
7210.60777078199 3158.71873341742
7246.30384885517 1717.06434969649
7281.99992692834 1502.84317934631
7317.69600500152 1899.86422093924
7353.3920830747 2272.0602292015
7389.08816114788 2296.83379123117
7424.78423922106 2008.89323888475
7460.48031729424 1613.41950689931
7496.17639536742 1268.09990343099
7531.8724734406 1001.72558373622
7567.56855151377 777.623308017636
7603.26462958695 586.660248703958
7638.96070766013 468.823828249538
7674.65678573331 459.487135888509
7710.35286380649 534.888896264848
7746.04894187967 623.315040251778
7781.74501995285 667.615835988294
7817.44109802603 666.536774639718
7853.13717609921 653.769872344166
7888.83325417238 649.909348220944
7924.52933224556 647.893221832536
7960.22541031874 638.708037435519
7995.92148839192 628.833384993858
8031.6175664651 624.37434749739
8067.31364453828 616.836315646163
8103.00972261146 599.819391161217
8138.70580068464 586.147318957557
8174.40187875781 589.78578046122
8210.09795683099 600.249313408498
8245.79403490417 597.006308064515
8281.49011297735 583.911310331348
8317.18619105053 582.930775128065
8352.88226912371 594.125615825476
8388.57834719689 593.302603973056
8424.27442527006 575.995794456935
8459.97050334324 569.045221986348
8495.66658141642 583.885457385957
8531.3626594896 593.791853640346
8567.05873756278 579.872925728068
8602.75481563596 565.274922652106
8638.45089370914 573.871129667903
8674.14697178232 587.009189000741
8709.8430498555 578.293418794023
8745.53912792867 562.6483643284
8781.23520600185 567.67506280527
8816.93128407503 581.276225085516
8852.62736214821 575.418700157782
8888.32344022139 560.178632289357
8924.01951829457 563.651638145655
8959.71559636775 577.364486431929
8995.41167444093 573.579673312448
9031.1077525141 559.446604139765
9066.80383058728 561.661538573446
9102.49990866046 573.677941608325
9138.19598673364 570.188685253832
9173.89206480682 557.911770775515
9209.58814288 560.701018070792
9245.28422095318 571.143989136683
9280.98029902636 566.958359573448
9316.67637709953 556.609055423214
9352.37245517271 560.610842654751
9388.06853324589 569.259792662052
9423.76461131907 564.0600051093
9459.46068939225 555.944474993278
9495.15676746543 561.054214971062
9530.85284553861 567.294046124523
9566.54892361179 561.136785379283
9602.24500168497 555.676730688211
9637.94107975814 561.662191723414
9673.63715783132 565.269582348793
9709.3332359045 558.623171795316
9745.02931397768 555.875094145104
9780.72539205086 561.897049436576
9816.42147012404 562.553895361784
9852.11754819722 555.840541163176
9887.8136262704 555.150138904574
9923.50970434357 559.429962164588
9959.20578241675 556.238812516436
9994.90186048993 549.064923698239
10030.5979385631 548.515644838724
10066.2940166363 548.949375610533
10101.9900947095 542.32411889146
10137.6861727826 536.751631262929
10173.3822508558 539.174107091239
10209.078328929 542.516191148842
10244.7744070022 544.744139301259
10280.4704850754 555.149017981621
10316.1665631485 574.199768269219
10351.8626412217 592.201208622284
10387.5587192949 607.397058388002
10423.2547973681 621.885718785382
10458.9508754413 626.898848310875
10494.6469535144 612.93695965262
10530.3430315876 583.460392407267
10566.0391096608 544.650028425017
10601.735187734 498.091378412643
10637.4312658072 452.463113141357
10673.1273438803 423.534975968803
10708.8234219535 417.778590227775
10744.5195000267 431.425883742814
10780.2155780999 461.241746239294
10815.911656173 500.858396443845
10851.6077342462 535.879863253326
10887.3038123194 556.007349891917
10922.9998903926 562.410487197027
10958.6959684658 558.062724820201
10994.3920465389 543.911050815876
11030.0881246121 524.671741062645
11065.7842026853 504.892821381042
11101.4802807585 482.416355642793
11137.1763588317 455.782598486807
11172.8724369048 431.37502128892
11208.568514978 417.070343350507
11244.2645930512 417.127561241365
11279.9606711244 434.215909952951
11315.6567491975 465.877302770944
11351.3528272707 499.786117578678
11387.0489053439 521.277090843112
11422.7449834171 523.638476184225
11458.4410614903 508.198361139305
11494.1371395634 481.933402082894
11529.8332176366 457.261481771566
11565.5292957098 445.504386226369
11601.225373783 448.213248770438
11636.9214518562 459.033038758778
11672.6175299293 470.957063242166
11708.3136080025 478.519249394033
11744.0096860757 479.163198670842
11779.7057641489 475.955808875781
11815.4018422221 474.171869479385
11851.0979202952 474.966890766184
11886.7939983684 476.16446620231
11922.4900764416 476.307791825044
11958.1861545148 474.712901687434
11993.8822325879 471.479848613817
12001.0214482026 470.815411714922
