0 74999.9999999999
35.6960780731766 75000
71.3921561463532 75000
107.08823421953 75000
142.784312292706 75000
178.480390365883 75000
214.17646843906 75000
249.872546512236 75000
285.568624585413 75000
321.264702658589 75000
356.960780731766 75000
392.656858804942 75000
428.352936878119 75000
464.049014951295 75000
499.745093024472 75000
535.441171097648 75000
571.137249170825 75000
606.833327244001 75000
642.529405317178 75000
678.225483390354 75000
713.921561463531 75000
749.617639536707 75000
785.313717609884 75000
821.00979568306 75000
856.705873756237 75000
892.401951829414 75000
928.09802990259 75000
963.794107975767 75000
999.490186048943 75000
1035.18626412212 75000
1070.8823421953 75000
1106.57842026847 75000
1142.27449834165 75000
1177.97057641483 75000
1213.666654488 75000
1249.36273256118 75000
1285.05881063436 75000
1320.75488870753 75000
1356.45096678071 75000
1392.14704485388 75000
1427.84312292706 75000
1463.53920100024 75000
1499.23527907341 75000
1534.93135714659 75000
1570.62743521977 75000
1606.32351329294 75000
1642.01959136612 75000
1677.7156694393 75000
1713.41174751247 75000
1749.10782558565 75000
1784.80390365883 75000
1820.499981732 75000
1856.19605980518 75000
1891.89213787836 75000
1927.58821595153 75000
1963.28429402471 75000
1998.98037209789 75000
2034.67645017106 75000
2070.37252824424 75000
2106.06860631742 75000
2141.7646843906 75000
2177.46076246378 75000
2213.15684053696 75000
2248.85291861013 75000
2284.54899668331 75000
2320.24507475649 75000
2355.94115282967 75000
2391.63723090285 75000
2427.33330897603 75000.0254165818
2463.02938704921 75002.6448992053
2498.72546512239 75040.0573669306
2534.42154319556 75262.3811960204
2570.11762126874 76065.0943185682
2605.81369934192 78152.4439570212
2641.5097774151 82418.4892875738
2677.20585548828 89604.07402335
2712.90193356146 99814.8319700473
2748.59801163464 112158.567917456
2784.29408970782 124683.536038591
2819.99016778099 134808.795340182
2855.68624585417 140193.772181664
2891.38232392735 139544.461243186
2927.07840200053 133073.036811571
2962.77448007371 122443.706184578
2998.47055814689 110177.413657911
3034.16663622007 98811.9074747658
3069.86271429325 90197.1743839868
3105.55879236643 85061.0825408641
3141.2548704396 83089.3839847849
3176.95094851278 83342.0387299549
3212.64702658596 84628.5925069536
3248.34310465914 85959.0639492374
3284.03918273232 86823.1932787378
3319.7352608055 87142.0733641073
3355.43133887868 87087.0619754838
3391.12741695186 86902.0124772137
3426.82349502503 86765.388185087
3462.51957309821 86763.2183657919
3498.21565117139 86877.4379026762
3533.91172924457 87011.6078080381
3569.60780731775 87105.9340513977
3605.30388539093 87149.4531787751
3640.99996346411 87147.1823052067
3676.69604153729 87122.7378804768
3712.39211961046 87104.3222644077
3748.08819768364 87100.9526359632
3783.78427575682 87107.9744174429
3819.48035383 87119.6291914582
3855.17643190318 87128.8678526592
3890.87250997636 87131.7641037318
3926.56858804954 87131.3440721999
3962.26466612272 87130.2246705133
3997.9607441959 87128.4987159924
4033.65682226907 87127.7630644278
4069.35290034225 87128.7008225037
4105.04897841543 87129.6408966142
4140.74505648861 87130.2252344574
4176.44113456179 87130.860679872
4212.13721263497 87130.8519392345
4247.83329070815 87130.4545479584
4283.52936878133 87130.5409706402
4319.2254468545 87130.6025454445
4354.92152492768 87130.4079704229
4390.61760300086 87130.5861225448
4426.31368107404 87130.7994660803
4462.00975914722 87130.6567956688
4497.7058372204 87130.6839571329
4533.40191529358 87130.8059266799
4569.09799336676 87130.6482175045
4604.79407143993 87130.6260578019
4640.49014951311 87130.7795112999
4676.18622758629 87130.6901391224
4711.88230565947 87130.635952255
4747.57838373265 87130.7766790421
4783.27446180583 87130.7276583944
4818.97053987901 87130.6414394912
4854.66661795219 87130.7526709402
4890.36269602537 87130.7386759708
4926.05877409854 87130.6428977851
4961.75485217172 87130.7326239344
4997.4509302449 87130.7522959725
5033.14700831808 87130.6536642065
5068.84308639126 87130.7146253474
5104.53916446444 87130.7591537741
5140.23524253762 87130.6666237454
5175.9313206108 87130.698567805
5211.62739868397 87130.759431305
5247.32347675715 87130.6799311885
5283.01955483033 87130.6862659242
5318.71563290351 87130.7563797254
5354.41171097669 87130.6937414835
5390.10778904987 87130.6775124127
5425.80386712305 87130.7499750018
5461.49994519623 87130.7069329811
5497.1960232694 87130.6727067177
5532.89210134258 87130.7411571796
5568.58817941576 87130.7182749687
5604.28425748894 87130.6714376638
5639.98033556212 87130.7310836951
5675.6764136353 87130.7273700542
5711.37249170848 87130.6732634149
5747.06856978166 87130.7183279353
5782.76464785483 87130.6478175647
5818.46072592801 87129.6021650865
5854.15680400119 87123.4049790682
5889.85288207437 87097.1975283771
5925.54896014755 87013.7733637336
5961.24503822073 86798.9552985937
5996.94111629391 86329.5417676449
6032.63719436709 85431.910913345
6068.33327244027 83898.4580083255
6104.02935051344 81522.333796117
6139.72542858662 78162.2179597668
6175.4215066598 73742.7594218499
6211.11758473298 68396.8669783613
6246.81366280616 62441.2322069273
6282.50974087934 56127.9577080703
6318.20581895252 49856.0093155634
6353.9018970257 44188.110441646
6389.59797509887 39540.0642283726
6425.29405317205 35980.7032200164
6460.99013124523 33286.7599991757
6496.68620931841 31082.3402353604
6532.38228739159 28932.8115192111
6568.07836546477 26419.4962456725
6603.77444353795 23257.7634544066
6639.47052161113 19444.6617283807
6675.1665996843 15344.3919531649
6710.86267775748 11618.3413547468
6746.55875583066 8979.82435177999
6782.25483390384 7855.79413739349
6817.95091197702 8118.13293019011
6853.6469900502 9057.31933143138
6889.34306812338 9668.49267368801
6925.03914619656 9165.15835041121
6960.73522426974 7415.92924172698
6996.43130234291 5031.2925996476
7032.12738041609 3000.39194378168
7067.82345848927 2070.14561626254
7103.51953656245 2292.40981854198
7139.21561463563 3047.12820376933
7174.91169270881 3509.71771932567
7210.60777078199 3209.60854575627
7246.30384885517 2284.9779596954
7281.99992692834 1285.09231623149
7317.69600500152 717.053628546463
7353.3920830747 704.704096120479
7389.08816114788 989.510349460621
7424.78423922106 1204.3282442978
7460.48031729424 1158.83340521668
7496.17639536742 921.130100385365
7531.8724734406 683.278556180793
7567.56855151377 572.259636590944
7603.26462958695 575.174429781723
7638.96070766013 607.445588155986
7674.65678573331 615.882875360571
7710.35286380649 606.22972031963
7746.04894187967 596.739162394212
7781.74501995285 582.578240447894
7817.44109802603 555.348784878375
7853.13717609921 529.85626981106
7888.83325417238 526.007997620257
7924.52933224556 536.29187151266
7960.22541031874 537.182768780536
7995.92148839192 527.192416459171
8031.6175664651 525.705650817784
8067.31364453828 534.21915183256
8103.00972261146 530.867711194865
8138.70580068464 512.218766934654
8174.40187875781 506.122313290909
8210.09795683099 524.16772812375
8245.79403490417 535.733150571528
8281.49011297735 517.881859214872
8317.18619105053 498.061219531917
8352.88226912371 508.706131620665
8388.57834719689 528.990566150648
8424.27442527006 520.114589521897
8459.97050334324 495.034494045415
8495.66658141642 495.940813524757
8531.3626594896 517.628896756317
8567.05873756278 517.143649671637
8602.75481563596 493.320484416215
8638.45089370914 488.349933481048
8674.14697178232 508.183959655798
8709.8430498555 512.252586184947
8745.53912792867 491.368569117627
8781.23520600185 484.149437616176
8816.93128407503 501.709767947402
8852.62736214821 507.439340213766
8888.32344022139 489.364287233551
8924.01951829457 482.114589959815
8959.71559636775 497.505736487263
8995.41167444093 502.684907075014
9031.1077525141 486.834372727029
9066.80383058728 481.224432348068
9102.49990866046 494.951711440208
9138.19598673364 498.180204501035
9173.89206480682 484.100322708094
9209.58814288 481.144177603247
9245.28422095318 493.428989288586
9280.98029902636 494.021551740625
9316.67637709953 481.728467183098
9352.37245517271 481.766721309011
9388.06853324589 492.317257975569
9423.76461131907 490.157000200305
9459.46068939225 480.044342474313
9495.15676746543 482.857176475853
9530.85284553861 491.061551382756
9566.54892361179 486.447255969618
9602.24500168497 478.955866160932
9637.94107975814 483.680458471603
9673.63715783132 488.571445352034
9709.3332359045 481.760796587141
9745.02931397768 476.518311322688
9780.72539205086 480.84831668652
9816.42147012404 480.505531542535
9852.11754819722 470.999424716666
9887.8136262704 466.49818616873
9923.50970434357 468.277004231433
9959.20578241675 464.048710977886
9994.90186048993 457.558644699014
10030.5979385631 461.966079713607
10066.2940166363 473.830779573238
10101.9900947095 485.114103838153
10137.6861727826 502.75488507092
10173.3822508558 530.751424661386
10209.078328929 555.537453976487
10244.7744070022 566.062048663622
10280.4704850754 562.883216697378
10316.1665631485 540.607650543502
10351.8626412217 490.253130879484
10387.5587192949 420.910345825311
10423.2547973681 355.091474694482
10458.9508754413 309.356335118852
10494.6469535144 297.222500707931
10530.3430315876 332.765548936984
10566.0391096608 411.631750802665
10601.735187734 503.696074013337
10637.4312658072 574.013075007746
10673.1273438803 597.408882559043
10708.8234219535 559.344131865053
10744.5195000267 467.453779881611
10780.2155780999 359.452779471202
10815.911656173 281.610078291061
10851.6077342462 261.514365572226
10887.3038123194 302.112359713544
10922.9998903926 382.782810442336
10958.6959684658 461.869739552364
10994.3920465389 498.007000262656
11030.0881246121 477.277320968775
11065.7842026853 415.758891055578
11101.4802807585 344.214600807881
11137.1763588317 295.6462955079
11172.8724369048 291.381590316476
11208.568514978 326.543964701186
11244.2645930512 374.634408005713
11279.9606711244 408.323214104289
11315.6567491975 412.586917568964
11351.3528272707 387.526108704171
11387.0489053439 349.358873672688
11422.7449834171 322.028201300998
11458.4410614903 319.256841336288
11494.1371395634 336.852530322161
11529.8332176366 360.647679725879
11565.5292957098 375.786532218817
11601.225373783 373.619830560584
11636.9214518562 358.240470558433
11672.6175299293 343.37695767715
11708.3136080025 339.103124144528
11744.0096860757 344.943839435349
11779.7057641489 354.447467526988
11815.4018422221 360.646156030799
11851.0979202952 359.64621923549
11886.7939983684 354.006660712015
11922.4900764416 350.164347783544
11958.1861545148 350.894985063627
11993.8822325879 353.707248699371
12001.0214482026 354.223519793157
