0 74999.9999999999
35.6960780731766 75000
71.3921561463532 75000
107.08823421953 75000
142.784312292706 75000
178.480390365883 75000
214.17646843906 75000
249.872546512236 75000
285.568624585413 75000
321.264702658589 75000
356.960780731766 75000
392.656858804942 75000
428.352936878119 75000
464.049014951295 75000
499.745093024472 75000
535.441171097648 75000
571.137249170825 75000
606.833327244001 75000
642.529405317178 75000
678.225483390354 75000
713.921561463531 75000
749.617639536707 75000
785.313717609884 75000
821.00979568306 75000
856.705873756237 75000
892.401951829414 75000
928.09802990259 75000
963.794107975767 75000
999.490186048943 75000
1035.18626412212 75000
1070.8823421953 75000
1106.57842026847 75000
1142.27449834165 75000
1177.97057641483 75000
1213.666654488 75000
1249.36273256118 75000
1285.05881063436 75000
1320.75488870753 75000
1356.45096678071 75000
1392.14704485388 75000
1427.84312292706 75000
1463.53920100024 75000
1499.23527907341 75000
1534.93135714659 75000
1570.62743521977 75000
1606.32351329294 75000
1642.01959136612 75000
1677.7156694393 75000
1713.41174751247 75000
1749.10782558565 75000
1784.80390365883 75000
1820.499981732 75000
1856.19605980518 75000
1891.89213787836 75000
1927.58821595153 75000
1963.28429402471 75000
1998.98037209789 75000
2034.67645017106 75000
2070.37252824424 75000
2106.06860631742 75000
2141.7646843906 75000
2177.46076246378 75000
2213.15684053696 75000
2248.85291861013 75000
2284.54899668331 75000
2320.24507475649 75000
2355.94115282967 75000
2391.63723090285 75000
2427.33330897603 75000
2463.02938704921 75000
2498.72546512239 75000.2106850065
2534.42154319556 75019.2223273062
2570.11762126874 75251.3934923977
2605.81369934192 76435.6553539926
2641.5097774151 80102.061728326
2677.20585548828 88388.9831114723
2712.90193356146 103140.068674376
2748.59801163464 124240.313821545
2784.29408970782 148211.572194259
2819.99016778099 168768.281390197
2855.68624585417 179919.312758487
2891.38232392735 179307.129355672
2927.07840200053 168581.215931903
2962.77448007371 151259.114966836
2998.47055814689 132113.805573482
3034.16663622007 117989.739838123
3069.86271429325 114518.968918967
3105.55879236643 119086.503778719
3141.2548704396 121522.67225129
3176.95094851278 118403.565151739
3212.64702658596 122496.508048098
3248.34310465914 145007.834482726
3284.03918273232 169844.204658418
3319.7352608055 170425.72825142
3355.43133887868 161960.89915496
3391.12741695186 201253.658511768
3426.82349502503 297716.057660402
3462.51957309821 362075.653596735
3498.21565117139 333946.738750256
3533.91172924457 344105.858368999
3569.60780731775 581450.676890972
3605.30388539093 936620.949344141
3640.99996346411 1038022.20902968
3676.69604153729 895179.075729245
3712.39211961046 1194560.66114287
3748.08819768364 2343638.78955067
3783.78427575682 3428126.48312092
3819.48035383 3305417.17137044
3855.17643190318 3035859.32777674
3890.87250997636 5332889.31027689
3926.56858804954 10027314.3889869
3962.26466612272 12521557.2114955
3997.9607441959 10861453.5761363
4033.65682226907 12383506.9224483
4069.35290034225 25100239.8017172
4105.04897841543 41360930.5987198
4140.74505648861 43862559.1486756
4176.44113456179 37565704.6533589
4212.13721263497 57023881.0052074
4247.83329070815 114896644.962063
4283.52936878133 160741954.126837
4319.2254468545 148181981.222636
4354.92152492768 144374983.361808
4390.61760300086 273998398.066284
4426.31368107404 497668255.420425
4462.00975914722 587311058.438591
4497.7058372204 499939057.461157
4533.40191529358 629302399.525719
4569.09799336676 1295061044.26137
4604.79407143993 2022167252.00034
4640.49014951311 2034636735.46105
4676.18622758629 1790423448.97495
4711.88230565947 2976853610.15151
4747.57838373265 5836533184.54117
4783.27446180583 7698775151.61565
4818.97053987901 6840219954.46138
4854.66661795219 7204620297.24955
4890.36269602537 14306909221.6146
4926.05877409854 24749784426.691
4961.75485217172 27581730560.8045
4997.4509302449 23383701559.5421
5033.14700831808 32554346705.8545
5068.84308639126 66687088715.7578
5104.53916446444 98323750199.8832
5140.23524253762 94228733594.2927
5175.9313206108 86805265704.2843
5211.62739868397 155926727914.149
5247.32347675715 294560476833.798
5283.01955483033 366258760877.993
5318.71563290351 316519653951.091
5354.41171097669 364999202484.557
5390.10778904987 744415573200.324
5425.80386712305 1221473881917.73
5461.49994519623 1287997889237.37
5497.1960232694 1104974046062.94
5532.89210134258 1696065624783.06
5568.58817941576 3411796054584
5604.28425748894 4744149244837.69
5639.98033556212 4354288974318.46
5675.6764136353 4274992099246.85
5711.37249170848 8162448200465.53
5747.06856978166 14753625828223.2
5782.76464785483 17303362449556.7
5818.46072592801 14712174226134.7
5854.15680400119 18721073158779.2
5889.85288207437 38538179966752.6
5925.54896014755 59811240266448.2
5961.24503822073 59852626728575.3
5996.94111629391 52881824881563.1
6032.63719436709 88721682567254.4
6068.33327244027 173327529375474
6104.02935051344 227179948619333
6139.72542858662 201147697892066
6175.4215066598 213825818519775
6211.11758473298 426210236519824
6246.81366280616 733250930605962
6282.50974087934 812211592609349
6318.20581895252 688918146866587
6353.9018970257 969474256274435
6389.59797509887 1.98327528428268e+15
6425.29405317205 2.90590341996184e+15
6460.99013124523 2.77114726846602e+15
6496.68620931841 2.5682420083988e+15
6532.38228739159 4.64753166050331e+15
6568.07836546477 8.74064150958618e+15
6603.77444353795 1.07995862935075e+16
6639.47052161113 9.31112216725104e+15
6675.1665996843 1.08485865786275e+16
6710.86267775748 2.21657390514127e+16
6746.55875583066 3.61575940164066e+16
6782.25483390384 3.79065211487121e+16
6817.95091197702 3.25949296394903e+16
6853.6469900502 5.05381215090664e+16
6889.34306812338 1.01392288172675e+17
6925.03914619656 1.40095252579987e+17
6960.73522426974 1.28036981666565e+17
6996.43130234291 1.26695709802732e+17
7032.12738041609 2.43243174246088e+17
7067.82345848927 4.37429085232562e+17
7103.51953656245 5.0984222096591e+17
7139.21561463563 4.33073870737564e+17
7174.91169270881 5.5708396777863e+17
7210.60777078199 1.14682331314294e+18
7246.30384885517 1.7690128466929e+18
7281.99992692834 1.7606881462024e+18
7317.69600500152 1.56226949310365e+18
7353.3920830747 2.64437940705923e+18
7389.08816114788 5.1469549573895e+18
7424.78423922106 6.70327628880211e+18
7460.48031729424 5.9152975716606e+18
7496.17639536742 6.34727555748893e+18
7531.8724734406 1.26965160111501e+19
7567.56855151377 2.17218128048923e+19
7603.26462958695 2.3916051236842e+19
7638.96070766013 2.02990659452066e+19
7674.65678573331 2.88734178250748e+19
7710.35286380649 5.89782101131872e+19
7746.04894187967 8.58747497513305e+19
7781.74501995285 8.14940202411988e+19
7817.44109802603 7.59985948896209e+19
7853.13717609921 1.38522377419892e+20
7888.83325417238 2.59342631001924e+20
7924.52933224556 3.18413465987149e+20
7960.22541031874 2.73922316197081e+20
7995.92148839192 3.22489369243384e+20
8031.6175664651 6.5996808110361e+20
8067.31364453828 1.07022552905219e+21
8103.00972261146 1.11554876172448e+21
8138.70580068464 9.61642166173396e+20
8174.40187875781 1.50596272903758e+21
8210.09795683099 3.01294428139027e+21
8245.79403490417 4.13666627305894e+21
8281.49011297735 3.76489651250251e+21
8317.18619105053 3.75548994986092e+21
8352.88226912371 7.24848298692063e+21
8388.57834719689 1.29681318235232e+22
8424.27442527006 1.50213465847952e+22
8459.97050334324 1.27492889922338e+22
8495.66658141642 1.6578962273982e+22
8531.3626594896 3.41249004778933e+22
8567.05873756278 5.23166335614532e+22
8602.75481563596 5.17921389887019e+22
8638.45089370914 4.61615681903016e+22
8674.14697178232 7.88176153624184e+22
8709.8430498555 1.52825499262912e+23
8745.53912792867 1.97773270614708e+23
8781.23520600185 1.73960108774801e+23
8816.93128407503 1.88445440256304e+23
8852.62736214821 3.78202328314388e+23
8888.32344022139 6.43428056178695e+23
8924.01951829457 7.04176015080447e+23
8959.71559636775 5.98188683240921e+23
8995.41167444093 8.59986791489563e+23
9031.1077525141 1.75374547268107e+24
9066.80383058728 2.53752869266889e+24
9102.49990866046 2.39652661835263e+24
9138.19598673364 2.2493373330771e+24
9173.89206480682 4.12868652550564e+24
9209.58814288 7.69424522097614e+24
9245.28422095318 9.38730803891921e+24
9280.98029902636 8.05894679880356e+24
9316.67637709953 9.58775892404692e+24
9352.37245517271 1.96488440962998e+25
9388.06853324589 3.16746269144903e+25
9423.76461131907 3.28276364438103e+25
9459.46068939225 2.83755073383702e+25
9495.15676746543 4.48772787988895e+25
9530.85284553861 8.95243902170019e+25
9566.54892361179 1.22134865445121e+26
9602.24500168497 1.10706032981828e+26
9637.94107975814 1.11339406947133e+26
9673.63715783132 2.15992635800065e+26
9709.3332359045 3.84421779278115e+26
9745.02931397768 4.42537474832958e+26
9780.72539205086 3.75362115696649e+26
9816.42147012404 4.93445483551076e+26
9852.11754819722 1.01534923982945e+27
9887.8136262704 1.54706748963824e+27
9923.50970434357 1.52345006860373e+27
9959.20578241675 1.36420922861136e+27
9994.90186048993 2.3492381426752e+27
10030.5979385631 4.53736553763156e+27
10066.2940166363 5.83460694692875e+27
10101.9900947095 5.11606094230565e+27
10137.6861727826 5.5956935793364e+27
10173.3822508558 1.12652828115396e+28
10209.078328929 1.90574321977284e+28
10244.7744070022 2.07321771820736e+28
10280.4704850754 1.7630131872407e+28
10316.1665631485 2.56162424831366e+28
10351.8626412217 5.21443956326558e+28
10387.5587192949 7.4975209539349e+28
10423.2547973681 7.04741994473047e+28
10458.9508754413 6.6586032036237e+28
10494.6469535144 1.23054416343035e+29
10530.3430315876 2.28254604595965e+29
10566.0391096608 2.76730039769718e+29
10601.735187734 2.3711347096779e+29
10637.4312658072 2.85086611034039e+29
10673.1273438803 5.84956981859954e+29
10708.8234219535 9.37363720944387e+29
10744.5195000267 9.65979081991594e+29
10780.2155780999 8.37416784249159e+29
10815.911656173 1.33737896832787e+30
10851.6077342462 2.65984013741265e+30
10887.3038123194 3.60571224725132e+30
10922.9998903926 3.2553028169671e+30
10958.6959684658 3.30147681091532e+30
10994.3920465389 6.43598867123141e+30
11030.0881246121 1.13946058488718e+31
11065.7842026853 1.30364611238927e+31
11101.4802807585 1.10524110428571e+31
11137.1763588317 1.46880637010046e+31
11172.8724369048 3.02084399121316e+31
11208.568514978 4.57445585350456e+31
11244.2645930512 4.48101484500895e+31
11279.9606711244 4.03234720260198e+31
11315.6567491975 7.00218770734064e+31
11351.3528272707 1.34702006009707e+32
11387.0489053439 1.72115243623318e+32
11422.7449834171 1.50465230663635e+32
11458.4410614903 1.66184729499574e+32
11494.1371395634 3.35534830406714e+32
11529.8332176366 5.64402873769312e+32
11565.5292957098 6.1035289383631e+32
11601.225373783 5.19672405747948e+32
11636.9214518562 7.63075528966796e+32
11672.6175299293 1.55029568793935e+33
11708.3136080025 2.21506129925941e+33
11744.0096860757 2.07238505395878e+33
11779.7057641489 1.97147478252207e+33
11815.4018422221 3.66753928036959e+33
11851.0979202952 6.77071283783631e+33
11886.7939983684 8.15713033992964e+33
11922.4900764416 6.97690527928375e+33
11958.1861545148 8.47799342688208e+33
11993.8822325879 1.74133849839601e+34
12001.0214482026 1.97682225267093e+34
