0 74999.9999999999
35.6960780731766 75000
71.3921561463532 75000
107.08823421953 75000
142.784312292706 75000
178.480390365883 75000
214.17646843906 75000
249.872546512236 75000
285.568624585413 75000
321.264702658589 75000
356.960780731766 75000
392.656858804942 75000
428.352936878119 75000
464.049014951295 75000
499.745093024472 75000
535.441171097648 75000
571.137249170825 75000
606.833327244001 75000
642.529405317178 75000
678.225483390354 75000
713.921561463531 75000
749.617639536707 75000
785.313717609884 75000
821.00979568306 75000
856.705873756237 75000
892.401951829414 75000
928.09802990259 75000
963.794107975767 75000
999.490186048943 75000
1035.18626412212 75000
1070.8823421953 75000
1106.57842026847 75000
1142.27449834165 75000
1177.97057641483 75000
1213.666654488 75000
1249.36273256118 75000
1285.05881063436 75000
1320.75488870753 75000
1356.45096678071 75000
1392.14704485388 75000
1427.84312292706 75000
1463.53920100024 75000.0002568643
1499.23527907341 75000.027334861
1534.93135714659 75000.4286487961
1570.62743521977 75002.9396256506
1606.32351329294 75012.6219853651
1642.01959136612 75039.9182558298
1677.7156694393 75101.4777332134
1713.41174751247 75218.5416154351
1749.10782558565 75412.6086062571
1784.80390365883 75699.480262575
1820.499981732 76083.9518270835
1856.19605980518 76557.6658225805
1891.89213787836 77101.3232131257
1927.58821595153 77690.0531583741
1963.28429402471 78299.4207612696
1998.98037209789 78909.8051662025
2034.67645017106 79508.0483612637
2070.37252824424 80086.6541958823
2106.06860631742 80641.7512234848
2141.7646843906 81171.1653071786
2177.46076246378 81673.3572668696
2213.15684053696 82147.1259087465
2248.85291861013 82591.571544324
2284.54899668331 83006.0788477885
2320.24507475649 83390.2955588706
2355.94115282967 83744.1081597059
2391.63723090285 84067.6157126139
2427.33330897603 84361.1029520224
2463.02938704921 84625.0135277073
2498.72546512239 84859.9241523312
2534.42154319556 85066.5202250083
2570.11762126874 85245.573328468
2605.81369934192 85397.9208410348
2641.5097774151 85524.4477952658
2677.20585548828 85626.0710583264
2712.90193356146 85703.7255710976
2748.59801163464 85758.3529164003
2784.29408970782 85790.8915403509
2819.99016778099 85802.2688886959
2855.68624585417 85793.3950499108
2891.38232392735 85765.1577446538
2927.07840200053 85718.4183978761
2962.77448007371 85654.0090640436
2998.47055814689 85572.730903787
3034.16663622007 85475.3517967654
3069.86271429325 85362.606224808
3105.55879236643 85235.1944359504
3141.2548704396 85093.7822154422
3176.95094851278 84939.0009616584
3212.64702658596 84771.4479149928
3248.34310465914 84591.685912346
3284.03918273232 84400.243837471
3319.7352608055 84197.620342212
3355.43133887868 83984.2762457898
3391.12741695186 83760.646058543
3426.82349502503 83527.1254482658
3462.51957309821 83284.0885644248
3498.21565117139 83031.8693183841
3533.91172924457 82770.7731851532
3569.60780731775 82501.0814095172
3605.30388539093 82223.0466625058
3640.99996346411 81936.8936475299
3676.69604153729 81642.8162434182
3712.39211961046 81340.9949616017
3748.08819768364 81031.5814877719
3783.78427575682 80714.7272961747
3819.48035383 80390.5488982592
3855.17643190318 80059.1540715774
3890.87250997636 79720.6326273686
3926.56858804954 79375.1363978771
3962.26466612272 79022.8644499119
3997.9607441959 78663.8255506245
4033.65682226907 78298.1781067521
4069.35290034225 77926.4069378617
4105.04897841543 77548.3294970258
4140.74505648861 77164.5395208114
4176.44113456179 76775.3522335156
4212.13721263497 76380.8556108816
4247.83329070815 75982.3292575376
4283.52936878133 75579.2412612166
4319.2254468545 75173.5195130809
4354.92152492768 74764.8066827878
4390.61760300086 74355.8533695326
4426.31368107404 73946.0663171534
4462.00975914722 73539.203005433
4497.7058372204 73137.6754902984
4533.40191529358 72745.0536972941
4569.09799336676 72372.777419291
4604.79407143993 72026.9413287605
4640.49014951311 71728.1504150843
4676.18622758629 71487.9222307848
4711.88230565947 71322.3881759225
4747.57838373265 71241.5272870033
4783.27446180583 71245.5469997459
4818.97053987901 71328.954562533
4854.66661795219 71480.4654119211
4890.36269602537 71681.2564096879
4926.05877409854 71911.4691438521
4961.75485217172 72160.8192508605
4997.4509302449 72402.9781922998
5033.14700831808 72638.2410806294
5068.84308639126 72858.7629756786
5104.53916446444 73053.1498761658
5140.23524253762 73234.0602391706
5175.9313206108 73394.146883229
5211.62739868397 73529.5561607292
5247.32347675715 73652.9676827651
5283.01955483033 73755.4133699862
5318.71563290351 73834.4212552265
5354.41171097669 73905.2501058279
5390.10778904987 73954.0070786811
5425.80386712305 73983.6188402859
5461.49994519623 74007.1202882786
5497.1960232694 74008.6075628844
5532.89210134258 73995.3182776731
5568.58817941576 73976.0138511024
5604.28425748894 73936.6750586606
5639.98033556212 73886.1124884981
5675.6764136353 73829.9100478039
5711.37249170848 73756.8049231242
5747.06856978166 73675.0305386801
5782.76464785483 73588.4256482768
5818.46072592801 73488.0918819666
5854.15680400119 73380.9203339485
5889.85288207437 73270.1748272325
5925.54896014755 73148.8129883064
5961.24503822073 73022.1932125789
5996.94111629391 72893.4577287935
6032.63719436709 72756.9165162126
6068.33327244027 72616.4601343542
6104.02935051344 72475.307640017
6139.72542858662 72328.8872502251
6175.4215066598 72179.8200727354
6211.11758473298 72031.3863600868
6246.81366280616 71879.9273834044
6282.50974087934 71726.9511412848
6318.20581895252 71575.7097188212
6353.9018970257 71423.3921554887
6389.59797509887 71270.5855964011
6425.29405317205 71120.429508815
6460.99013124523 70970.8233665897
6496.68620931841 70821.6553227663
6532.38228739159 70675.781036895
6568.07836546477 70531.8012200683
6603.77444353795 70389.0154618886
6639.47052161113 70249.9990080394
6675.1665996843 70113.8866222662
6710.86267775748 69979.6227714407
6746.55875583066 69849.3550272554
6782.25483390384 69722.7372380347
6817.95091197702 69598.4477298876
6853.6469900502 69478.1971838468
6889.34306812338 69362.0928605965
6925.03914619656 69248.6717652748
6960.73522426974 69139.1537876803
6996.43130234291 69033.9904118374
7032.12738041609 68931.7258230849
7067.82345848927 68833.1267736089
7103.51953656245 68738.8943803307
7139.21561463563 68647.6456982506
7174.91169270881 68559.74095519
7210.60777078199 68476.0019513938
7246.30384885517 68395.2446348766
7281.99992692834 68317.423517197
7317.69600500152 68243.4606397546
7353.3920830747 68172.3427556928
7389.08816114788 68103.7465628398
7424.78423922106 68038.5512921914
7460.48031729424 67976.0492189436
7496.17639536742 67915.718730427
7531.8724734406 67858.3812124559
7567.56855151377 67803.4978676876
7603.26462958695 67750.3202749814
7638.96070766013 67699.7227860447
7674.65678573331 67651.5933961381
7710.35286380649 67605.0467413664
7746.04894187967 67561.0336953943
7781.74501995285 67520.4402849758
7817.44109802603 67483.4693083435
7853.13717609921 67453.2087621519
7888.83325417238 67434.8593718998
7924.52933224556 67435.1124479615
7960.22541031874 67466.7471097536
7995.92148839192 67546.3822964465
8031.6175664651 67691.3842169467
8067.31364453828 67914.6423417267
8103.00972261146 68207.8168156409
8138.70580068464 68517.9387955547
8174.40187875781 68714.996068759
8210.09795683099 68565.8355372425
8245.79403490417 67717.3989718686
8281.49011297735 65729.1848935075
8317.18619105053 62155.7177681818
8352.88226912371 56693.1944141381
8388.57834719689 49349.0572791601
8424.27442527006 40582.3710173455
8459.97050334324 31312.9363454049
8495.66658141642 22756.6089365823
8531.3626594896 16086.1833210842
8567.05873756278 12024.8346203225
8602.75481563596 10559.2228268791
8638.45089370914 10927.0841883483
8674.14697178232 11934.5754610293
8709.8430498555 12465.6941325511
8745.53912792867 11933.4934950871
8781.23520600185 10434.5892149879
8816.93128407503 8534.05633923667
8852.62736214821 6849.45870212561
8888.32344022139 5704.02966817408
8924.01951829457 5042.32074676984
8959.71559636775 4615.64091001214
8995.41167444093 4235.47554730264
9031.1077525141 3893.83737858943
9066.80383058728 3694.63123289968
9102.49990866046 3699.54995158915
9138.19598673364 3837.17201334942
9173.89206480682 3951.14161813068
9209.58814288 3919.99979839297
9245.28422095318 3733.62950335112
9280.98029902636 3472.48891087194
9316.67637709953 3225.33091629285
9352.37245517271 3024.30139191168
9388.06853324589 2850.51482656468
9423.76461131907 2684.23871060281
9459.46068939225 2534.8430615997
9495.15676746543 2425.93634434546
9530.85284553861 2360.91534540637
9566.54892361179 2315.53211875717
9602.24500168497 2262.76979932113
9637.94107975814 2193.86773464709
9673.63715783132 2113.749623656
9709.3332359045 2023.53096175299
9745.02931397768 1917.3231842253
9780.72539205086 1800.02883718739
9816.42147012404 1690.9483906329
9852.11754819722 1602.54708726512
9887.8136262704 1531.1203843008
9923.50970434357 1473.37076958235
9959.20578241675 1433.14025543752
9994.90186048993 1403.73656090387
10030.5979385631 1361.82869221346
10066.2940166363 1292.9860346748
10101.9900947095 1210.76829864209
10137.6861727826 1138.20379528834
10173.3822508558 1078.61158413831
10209.078328929 1023.40811218842
10244.7744070022 977.944565644032
10280.4704850754 956.572465539101
10316.1665631485 950.518526561031
10351.8626412217 928.798360677692
10387.5587192949 881.525584674346
10423.2547973681 834.014564257127
10458.9508754413 804.781042813153
10494.6469535144 780.298311392156
10530.3430315876 749.836310939711
10566.0391096608 730.808513598876
10601.735187734 734.327433197092
10637.4312658072 737.671214134566
10673.1273438803 719.465814494122
10708.8234219535 694.489047444581
10744.5195000267 684.162423277004
10780.2155780999 679.281369491489
10815.911656173 664.87978689253
10851.6077342462 654.181792812091
10887.3038123194 662.526906249349
10922.9998903926 673.455477017126
10958.6959684658 666.33212483862
10994.3920465389 653.867602338094
11030.0881246121 655.749101617829
11065.7842026853 661.786224134396
11101.4802807585 657.081945642508
11137.1763588317 653.157056729487
11172.8724369048 662.362517464986
11208.568514978 671.526168471175
11244.2645930512 668.191091920136
11279.9606711244 665.063854330288
11315.6567491975 673.25888724741
11351.3528272707 679.973935159658
11387.0489053439 676.396027261896
11422.7449834171 675.679418855884
11458.4410614903 683.65835454419
11494.1371395634 686.700816619552
11529.8332176366 681.691238022712
11565.5292957098 682.439340588398
11601.225373783 689.907325718452
11636.9214518562 690.49688043218
11672.6175299293 684.479970935291
11708.3136080025 683.682292312693
11744.0096860757 685.936183159326
11779.7057641489 681.96342985885
11815.4018422221 677.144591475121
11851.0979202952 679.583739857284
11886.7939983684 681.864619456518
11922.4900764416 676.744230416522
11958.1861545148 671.809429243076
11993.8822325879 672.242825399749
12001.0214482026 672.384413752893
